3,1,782,215,154,111,-1,-1,-1,-1
3,2,778,95,41,26,-1,-1,-1,-1
3,3,659,445,275,165,-1,-1,-1,-1
3,5,880,363,84,95,-1,-1,-1,-1
3,6,1140,26,18,15,-1,-1,-1,-1
3,7,1251,43,82,54,-1,-1,-1,-1
3,8,1117,299,180,147,-1,-1,-1,-1
3,9,1232,60,10,5,-1,-1,-1,-1
4,1,785,203,150,108,-1,-1,-1,-1
4,2,781,89,40,55,-1,-1,-1,-1
4,3,670,415,263,238,-1,-1,-1,-1
4,5,881,340,82,93,-1,-1,-1,-1
4,6,1121,22,35,47,-1,-1,-1,-1
4,7,1240,37,87,69,-1,-1,-1,-1
4,8,1098,282,189,142,-1,-1,-1,-1
4,9,1227,54,10,6,-1,-1,-1,-1
4,11,1037,61,110,38,-1,-1,-1,-1
4,12,782,152,34,17,-1,-1,-1,-1
4,13,708,32,75,21,-1,-1,-1,-1
4,14,864,20,31,66,-1,-1,-1,-1
4,15,396,520,76,122,-1,-1,-1,-1
4,16,1033,29,32,24,-1,-1,-1,-1
4,17,879,10,7,24,-1,-1,-1,-1
4,18,153,464,242,92,-1,-1,-1,-1
4,19,357,606,59,126,-1,-1,-1,-1
4,20,125,621,136,67,-1,-1,-1,-1
5,1,788,192,147,105,-1,-1,-1,-1
5,2,784,83,39,54,-1,-1,-1,-1
5,3,679,390,253,227,-1,-1,-1,-1
5,5,883,320,76,90,-1,-1,-1,-1
5,6,1119,19,36,46,-1,-1,-1,-1
5,7,1235,33,85,67,-1,-1,-1,-1
5,8,1094,285,188,118,-1,-1,-1,-1
5,9,1223,30,26,25,-1,-1,-1,-1
5,11,1035,57,115,37,-1,-1,-1,-1
5,12,785,145,33,16,-1,-1,-1,-1
5,13,711,8,85,43,-1,-1,-1,-1
5,14,865,16,30,65,-1,-1,-1,-1
5,15,403,510,75,120,-1,-1,-1,-1
5,16,1032,21,32,28,-1,-1,-1,-1
5,17,880,7,6,23,-1,-1,-1,-1
5,18,166,454,237,90,-1,-1,-1,-1
5,19,358,593,67,124,-1,-1,-1,-1
5,20,139,607,134,66,-1,-1,-1,-1
6,1,791,183,143,101,-1,-1,-1,-1
6,2,786,78,39,53,-1,-1,-1,-1
6,3,688,367,243,218,-1,-1,-1,-1
6,5,770,296,187,93,-1,-1,-1,-1
6,6,1118,16,34,45,-1,-1,-1,-1
6,7,1230,29,84,66,-1,-1,-1,-1
6,8,1091,269,182,116,-1,-1,-1,-1
6,9,1219,26,26,25,-1,-1,-1,-1
6,11,1035,51,113,40,-1,-1,-1,-1
6,12,787,139,33,16,-1,-1,-1,-1
6,13,714,7,84,43,-1,-1,-1,-1
6,14,865,13,31,65,-1,-1,-1,-1
6,15,411,500,73,119,-1,-1,-1,-1
6,16,1032,19,30,28,-1,-1,-1,-1
6,17,880,4,6,23,-1,-1,-1,-1
6,18,179,437,232,97,-1,-1,-1,-1
6,19,369,582,64,121,-1,-1,-1,-1
6,20,152,596,137,65,-1,-1,-1,-1
7,1,792,177,141,100,-1,-1,-1,-1
7,2,788,74,38,53,-1,-1,-1,-1
7,3,692,334,239,235,-1,-1,-1,-1
7,5,772,286,185,93,-1,-1,-1,-1
7,6,1117,13,34,46,-1,-1,-1,-1
7,7,1228,26,83,66,-1,-1,-1,-1
7,8,1089,261,180,113,-1,-1,-1,-1
7,9,1216,23,26,57,-1,-1,-1,-1
7,11,1034,49,115,38,-1,-1,-1,-1
7,12,788,135,33,16,-1,-1,-1,-1
7,13,715,5,84,42,-1,-1,-1,-1
7,14,865,11,31,64,-1,-1,-1,-1
7,15,415,495,71,118,-1,-1,-1,-1
7,16,1031,16,30,28,-1,-1,-1,-1
7,17,880,2,6,22,-1,-1,-1,-1
7,18,184,432,231,96,-1,-1,-1,-1
7,19,374,575,63,116,-1,-1,-1,-1
7,20,159,590,135,72,-1,-1,-1,-1
8,1,795,168,138,97,-1,-1,-1,-1
8,2,791,69,38,52,-1,-1,-1,-1
8,3,701,312,229,228,-1,-1,-1,-1
8,5,777,269,179,91,-1,-1,-1,-1
8,6,1115,10,35,45,-1,-1,-1,-1
8,7,1223,22,82,65,-1,-1,-1,-1
8,8,1087,236,174,121,-1,-1,-1,-1
8,9,1212,19,25,56,-1,-1,-1,-1
8,11,1033,45,114,39,-1,-1,-1,-1
8,12,791,128,32,16,-1,-1,-1,-1
8,13,717,3,83,42,-1,-1,-1,-1
8,14,866,8,30,63,-1,-1,-1,-1
8,15,424,486,67,116,-1,-1,-1,-1
8,16,1030,13,30,27,-1,-1,-1,-1
8,17,882,9,4,12,-1,-1,-1,-1
8,18,196,423,226,95,-1,-1,-1,-1
8,19,338,565,107,124,-1,-1,-1,-1
8,20,166,579,170,72,-1,-1,-1,-1
8,35,536,647,58,49,-1,-1,-1,-1
9,1,796,162,148,96,-1,-1,-1,-1
9,2,792,52,38,64,-1,-1,-1,-1
9,3,704,301,230,224,-1,-1,-1,-1
9,5,780,260,176,89,-1,-1,-1,-1
9,6,1114,7,35,45,-1,-1,-1,-1
9,7,1221,18,81,64,-1,-1,-1,-1
9,8,1085,228,172,119,-1,-1,-1,-1
9,9,1210,15,25,56,-1,-1,-1,-1
9,11,1033,42,113,39,-1,-1,-1,-1
9,12,792,124,32,15,-1,-1,-1,-1
9,13,719,13,82,29,-1,-1,-1,-1
9,14,866,6,30,62,-1,-1,-1,-1
9,15,428,480,66,115,-1,-1,-1,-1
9,16,1030,10,30,27,-1,-1,-1,-1
9,17,882,7,4,12,-1,-1,-1,-1
9,18,202,417,224,95,-1,-1,-1,-1
9,19,343,558,105,123,-1,-1,-1,-1
9,20,172,572,169,71,-1,-1,-1,-1
9,35,520,615,78,120,-1,-1,-1,-1
9,44,486,626,33,50,-1,-1,-1,-1
10,1,799,153,144,89,-1,-1,-1,-1
10,2,792,48,40,63,-1,-1,-1,-1
10,3,712,282,221,217,-1,-1,-1,-1
10,5,784,244,171,91,-1,-1,-1,-1
10,6,1112,4,35,44,-1,-1,-1,-1
10,7,1211,15,86,70,-1,-1,-1,-1
10,8,1083,216,167,116,-1,-1,-1,-1
10,9,1206,12,24,54,-1,-1,-1,-1
10,11,1032,38,112,39,-1,-1,-1,-1
10,12,795,118,32,15,-1,-1,-1,-1
10,13,721,11,82,29,-1,-1,-1,-1
10,14,867,3,29,61,-1,-1,-1,-1
10,15,435,471,63,114,-1,-1,-1,-1
10,16,1029,7,30,27,-1,-1,-1,-1
10,17,882,4,5,12,-1,-1,-1,-1
10,18,213,409,219,92,-1,-1,-1,-1
10,19,352,547,103,121,-1,-1,-1,-1
10,20,183,560,168,70,-1,-1,-1,-1
10,35,540,580,75,164,-1,-1,-1,-1
10,44,506,591,33,50,-1,-1,-1,-1
11,1,800,149,142,86,-1,-1,-1,-1
11,2,794,47,39,61,-1,-1,-1,-1
11,3,715,274,218,213,-1,-1,-1,-1
11,5,808,237,147,89,-1,-1,-1,-1
11,6,1112,3,33,44,-1,-1,-1,-1
11,7,1209,13,85,70,-1,-1,-1,-1
11,8,1082,211,165,113,-1,-1,-1,-1
11,9,1204,10,24,53,-1,-1,-1,-1
11,11,1032,37,111,38,-1,-1,-1,-1
11,12,797,116,31,15,-1,-1,-1,-1
11,13,722,11,81,28,-1,-1,-1,-1
11,14,867,2,29,61,-1,-1,-1,-1
11,15,438,467,62,113,-1,-1,-1,-1
11,16,1029,6,29,27,-1,-1,-1,-1
11,17,882,3,5,12,-1,-1,-1,-1
11,18,218,404,217,91,-1,-1,-1,-1
11,19,356,540,102,120,-1,-1,-1,-1
11,20,189,553,166,69,-1,-1,-1,-1
11,35,536,563,86,182,-1,-1,-1,-1
11,44,516,574,32,49,-1,-1,-1,-1
12,1,802,140,139,80,-1,-1,-1,-1
12,2,796,42,39,61,-1,-1,-1,-1
12,3,721,257,211,206,-1,-1,-1,-1
12,5,810,222,144,88,-1,-1,-1,-1
12,6,1110,6,33,37,-1,-1,-1,-1
12,7,1205,9,84,68,-1,-1,-1,-1
12,8,1080,198,161,112,-1,-1,-1,-1
12,9,1201,6,23,53,-1,-1,-1,-1
12,11,1031,33,110,38,-1,-1,-1,-1
12,12,799,110,31,14,-1,-1,-1,-1
12,13,724,8,80,28,-1,-1,-1,-1
12,14,867,2,29,56,-1,-1,-1,-1
12,15,445,459,58,112,-1,-1,-1,-1
12,16,1028,2,29,27,-1,-1,-1,-1
12,18,228,396,213,87,-1,-1,-1,-1
12,19,366,529,98,118,-1,-1,-1,-1
12,20,199,541,165,68,-1,-1,-1,-1
12,35,553,531,88,203,-1,-1,-1,-1
12,44,534,541,31,50,-1,-1,-1,-1
13,1,804,131,136,61,-1,-1,-1,-1
13,2,800,38,37,59,-1,-1,-1,-1
13,3,727,241,204,228,-1,-1,-1,-1
13,5,811,209,142,85,-1,-1,-1,-1
13,6,1108,3,33,36,-1,-1,-1,-1
13,7,1202,5,82,67,-1,-1,-1,-1
13,8,1078,188,157,108,-1,-1,-1,-1
13,9,1198,2,22,52,-1,-1,-1,-1
13,11,1030,32,109,35,-1,-1,-1,-1
13,12,802,104,30,14,-1,-1,-1,-1
13,13,726,6,80,28,-1,-1,-1,-1
13,14,868,7,28,47,-1,-1,-1,-1
13,15,451,451,54,111,-1,-1,-1,-1
13,16,1027,4,29,22,-1,-1,-1,-1
13,18,238,388,209,86,-1,-1,-1,-1
13,19,373,519,96,117,-1,-1,-1,-1
13,20,210,531,163,67,-1,-1,-1,-1
13,35,571,501,83,195,-1,-1,-1,-1
13,44,551,511,30,50,-1,-1,-1,-1
14,1,805,127,134,60,-1,-1,-1,-1
14,2,801,35,37,58,-1,-1,-1,-1
14,3,729,233,201,224,-1,-1,-1,-1
14,5,812,202,140,84,-1,-1,-1,-1
14,6,1107,1,33,35,-1,-1,-1,-1
14,7,1200,2,81,68,-1,-1,-1,-1
14,8,1077,182,155,107,-1,-1,-1,-1
14,9,1196,18,9,6,-1,-1,-1,-1
14,11,1030,31,108,33,-1,-1,-1,-1
14,12,804,101,29,14,-1,-1,-1,-1
14,13,727,4,79,29,-1,-1,-1,-1
14,14,868,4,28,48,-1,-1,-1,-1
14,15,454,446,54,111,-1,-1,-1,-1
14,16,1027,2,29,22,-1,-1,-1,-1
14,18,243,384,206,85,-1,-1,-1,-1
14,19,377,514,95,116,-1,-1,-1,-1
14,20,214,526,162,66,-1,-1,-1,-1
14,35,579,486,81,191,-1,-1,-1,-1
14,44,559,496,30,49,-1,-1,-1,-1
15,1,806,120,132,59,-1,-1,-1,-1
15,2,804,31,37,57,-1,-1,-1,-1
15,3,735,219,194,218,-1,-1,-1,-1
15,5,813,191,138,82,-1,-1,-1,-1
15,6,1105,9,27,19,-1,-1,-1,-1
15,7,1192,19,84,46,-1,-1,-1,-1
15,8,1076,172,150,105,-1,-1,-1,-1
15,11,1029,27,107,34,-1,-1,-1,-1
15,12,806,95,30,14,-1,-1,-1,-1
15,13,728,2,79,29,-1,-1,-1,-1
15,14,869,1,27,48,-1,-1,-1,-1
15,15,459,440,50,109,-1,-1,-1,-1
15,16,1026,13,29,8,-1,-1,-1,-1
15,18,251,378,202,84,-1,-1,-1,-1
15,19,385,506,92,114,-1,-1,-1,-1
15,20,223,518,161,66,-1,-1,-1,-1
15,35,594,461,74,184,-1,-1,-1,-1
15,44,574,471,28,48,-1,-1,-1,-1
16,1,808,117,129,44,-1,-1,-1,-1
16,2,807,27,36,57,-1,-1,-1,-1
16,3,739,207,190,213,-1,-1,-1,-1
16,5,815,180,135,80,-1,-1,-1,-1
16,6,1104,7,26,18,-1,-1,-1,-1
16,7,1189,16,83,46,-1,-1,-1,-1
16,8,1074,163,147,103,-1,-1,-1,-1
16,11,1029,23,105,35,-1,-1,-1,-1
16,12,810,91,28,13,-1,-1,-1,-1
16,13,730,1,80,28,-1,-1,-1,-1
16,14,869,5,28,41,-1,-1,-1,-1
16,15,454,433,56,108,-1,-1,-1,-1
16,16,1026,11,28,8,-1,-1,-1,-1
16,18,258,372,198,99,-1,-1,-1,-1
16,19,391,497,89,114,-1,-1,-1,-1
16,20,231,510,160,65,-1,-1,-1,-1
16,35,609,439,70,178,-1,-1,-1,-1
16,44,588,448,28,46,-1,-1,-1,-1
17,1,810,110,126,43,-1,-1,-1,-1
17,2,810,24,36,55,-1,-1,-1,-1
17,3,742,195,186,206,-1,-1,-1,-1
17,5,817,169,132,78,-1,-1,-1,-1
17,6,1103,4,25,19,-1,-1,-1,-1
17,7,1186,12,81,46,-1,-1,-1,-1
17,8,1073,154,143,100,-1,-1,-1,-1
17,11,1028,21,104,34,-1,-1,-1,-1
17,12,812,86,29,14,-1,-1,-1,-1
17,13,732,1,79,26,-1,-1,-1,-1
17,14,870,2,27,41,-1,-1,-1,-1
17,15,466,426,44,107,-1,-1,-1,-1
17,16,1025,8,28,8,-1,-1,-1,-1
17,18,264,365,194,97,-1,-1,-1,-1
17,19,396,487,88,113,-1,-1,-1,-1
17,20,238,500,158,66,-1,-1,-1,-1
17,35,605,416,84,172,-1,-1,-1,-1
17,44,602,425,27,51,-1,-1,-1,-1
18,1,811,106,124,42,-1,-1,-1,-1
18,2,812,20,35,57,-1,-1,-1,-1
18,3,744,188,184,204,-1,-1,-1,-1
18,5,818,163,130,77,-1,-1,-1,-1
18,6,1104,5,23,15,-1,-1,-1,-1
18,7,1185,9,89,45,-1,-1,-1,-1
18,8,1072,149,142,99,-1,-1,-1,-1
18,11,1028,18,103,34,-1,-1,-1,-1
18,12,814,82,28,14,-1,-1,-1,-1
18,13,733,3,69,22,-1,-1,-1,-1
18,14,870,1,27,39,-1,-1,-1,-1
18,15,467,422,43,107,-1,-1,-1,-1
18,16,1025,5,28,8,-1,-1,-1,-1
18,18,267,361,207,96,-1,-1,-1,-1
18,19,399,482,86,112,-1,-1,-1,-1
18,20,241,495,158,65,-1,-1,-1,-1
18,35,606,405,92,181,-1,-1,-1,-1
18,44,608,414,27,50,-1,-1,-1,-1
19,1,812,101,122,41,-1,-1,-1,-1
19,2,815,18,34,54,-1,-1,-1,-1
19,3,748,178,179,198,-1,-1,-1,-1
19,5,820,154,127,76,-1,-1,-1,-1
19,6,1103,3,22,15,-1,-1,-1,-1
19,7,1182,3,88,49,-1,-1,-1,-1
19,8,1071,141,138,97,-1,-1,-1,-1
19,11,1027,16,102,34,-1,-1,-1,-1
19,12,817,79,28,13,-1,-1,-1,-1
19,13,733,2,70,23,-1,-1,-1,-1
19,14,872,4,25,34,-1,-1,-1,-1
19,15,468,417,41,105,-1,-1,-1,-1
19,16,1024,3,28,9,-1,-1,-1,-1
19,18,273,356,202,94,-1,-1,-1,-1
19,19,405,474,83,111,-1,-1,-1,-1
19,20,248,488,156,65,-1,-1,-1,-1
19,35,619,385,88,176,-1,-1,-1,-1
19,44,620,393,26,50,-1,-1,-1,-1
20,1,814,94,120,40,-1,-1,-1,-1
20,2,818,13,34,54,-1,-1,-1,-1
20,3,752,166,174,193,-1,-1,-1,-1
20,5,822,144,124,74,-1,-1,-1,-1
20,6,1101,2,23,13,-1,-1,-1,-1
20,7,1179,2,87,53,-1,-1,-1,-1
20,8,1069,133,136,94,-1,-1,-1,-1
20,11,1027,13,100,33,-1,-1,-1,-1
20,12,820,73,27,13,-1,-1,-1,-1
20,13,734,3,71,19,-1,-1,-1,-1
20,14,873,0,25,35,-1,-1,-1,-1
20,15,462,379,46,135,-1,-1,-1,-1
20,16,1023,0,28,9,-1,-1,-1,-1
20,18,277,350,199,92,-1,-1,-1,-1
20,19,410,466,79,109,-1,-1,-1,-1
20,20,254,480,155,64,-1,-1,-1,-1
20,35,630,364,85,172,-1,-1,-1,-1
20,44,631,373,26,49,-1,-1,-1,-1
21,1,814,90,119,40,-1,-1,-1,-1
21,2,819,10,34,53,-1,-1,-1,-1
21,3,753,160,173,191,-1,-1,-1,-1
21,5,822,139,124,73,-1,-1,-1,-1
21,6,1109,2,13,10,-1,-1,-1,-1
21,7,1182,4,82,48,-1,-1,-1,-1
21,8,1069,128,134,94,-1,-1,-1,-1
21,11,1026,10,100,34,-1,-1,-1,-1
21,12,821,70,27,13,-1,-1,-1,-1
21,13,739,2,67,18,-1,-1,-1,-1
21,14,873,5,25,27,-1,-1,-1,-1
21,15,462,376,45,135,-1,-1,-1,-1
21,16,1028,0,23,6,-1,-1,-1,-1
21,18,278,346,198,92,-1,-1,-1,-1
21,19,412,462,78,109,-1,-1,-1,-1
21,20,257,476,154,63,-1,-1,-1,-1
21,35,635,355,83,169,-1,-1,-1,-1
21,44,636,363,26,44,-1,-1,-1,-1
22,1,816,85,116,39,-1,-1,-1,-1
22,2,822,7,33,53,-1,-1,-1,-1
22,3,756,151,169,179,-1,-1,-1,-1
22,5,824,131,121,71,-1,-1,-1,-1
22,6,1107,1,14,10,-1,-1,-1,-1
22,7,1179,2,81,47,-1,-1,-1,-1
22,8,1067,121,131,92,-1,-1,-1,-1
22,11,1026,3,99,39,-1,-1,-1,-1
22,12,824,66,27,13,-1,-1,-1,-1
22,13,741,0,66,19,-1,-1,-1,-1
22,14,874,4,24,26,-1,-1,-1,-1
22,15,462,371,43,134,-1,-1,-1,-1
22,18,282,342,193,90,-1,-1,-1,-1
22,19,416,456,75,108,-1,-1,-1,-1
22,20,263,469,152,63,-1,-1,-1,-1
22,35,645,338,81,165,-1,-1,-1,-1
22,44,646,347,26,42,-1,-1,-1,-1
23,1,816,83,115,37,-1,-1,-1,-1
23,2,823,5,33,52,-1,-1,-1,-1
23,3,758,146,167,177,-1,-1,-1,-1
23,5,824,127,120,70,-1,-1,-1,-1
23,6,1106,2,14,7,-1,-1,-1,-1
23,7,1178,2,80,45,-1,-1,-1,-1
23,8,1066,117,130,90,-1,-1,-1,-1
23,11,1025,7,99,33,-1,-1,-1,-1
23,12,825,63,27,13,-1,-1,-1,-1
23,13,742,7,64,10,-1,-1,-1,-1
23,14,874,2,25,26,-1,-1,-1,-1
23,15,470,398,29,103,-1,-1,-1,-1
23,18,284,339,178,90,-1,-1,-1,-1
23,19,418,452,74,107,-1,-1,-1,-1
23,20,266,466,151,62,-1,-1,-1,-1
23,35,650,330,80,162,-1,-1,-1,-1
23,44,651,338,26,42,-1,-1,-1,-1
23,81,557,261,13,44,-1,-1,-1,-1
24,1,817,78,113,37,-1,-1,-1,-1
24,2,826,12,32,42,-1,-1,-1,-1
24,3,761,137,163,174,-1,-1,-1,-1
24,5,825,120,118,69,-1,-1,-1,-1
24,7,1176,3,78,41,-1,-1,-1,-1
24,8,1065,110,127,89,-1,-1,-1,-1
24,11,1025,2,97,35,-1,-1,-1,-1
24,12,828,60,26,13,-1,-1,-1,-1
24,13,744,11,43,5,-1,-1,-1,-1
24,14,874,1,20,25,-1,-1,-1,-1
24,15,469,394,28,102,-1,-1,-1,-1
24,18,287,335,174,89,-1,-1,-1,-1
24,19,421,446,72,107,-1,-1,-1,-1
24,20,270,460,151,62,-1,-1,-1,-1
24,35,659,314,78,166,-1,-1,-1,-1
24,44,655,323,31,42,-1,-1,-1,-1
24,81,565,260,13,44,-1,-1,-1,-1
25,1,818,72,111,36,-1,-1,-1,-1
25,2,828,8,32,42,-1,-1,-1,-1
25,3,764,128,159,169,-1,-1,-1,-1
25,5,826,112,116,68,-1,-1,-1,-1
25,7,1173,0,78,39,-1,-1,-1,-1
25,8,1064,103,125,87,-1,-1,-1,-1
25,11,1025,2,95,32,-1,-1,-1,-1
25,12,831,56,26,12,-1,-1,-1,-1
25,13,746,8,42,5,-1,-1,-1,-1
25,14,875,4,20,19,-1,-1,-1,-1
25,15,477,388,17,102,-1,-1,-1,-1
25,18,290,330,170,88,-1,-1,-1,-1
25,19,424,438,54,107,-1,-1,-1,-1
25,20,273,453,151,61,-1,-1,-1,-1
25,35,668,298,75,162,-1,-1,-1,-1
25,44,664,306,30,42,-1,-1,-1,-1
25,81,573,257,12,44,-1,-1,-1,-1
25,82,1279,677,207,26,-1,-1,-1,-1
26,1,819,65,109,36,-1,-1,-1,-1
26,2,831,4,31,41,-1,-1,-1,-1
26,3,767,120,156,165,-1,-1,-1,-1
26,5,827,104,114,67,-1,-1,-1,-1
26,7,1171,1,76,34,-1,-1,-1,-1
26,8,1063,96,121,86,-1,-1,-1,-1
26,11,1024,3,94,28,-1,-1,-1,-1
26,12,834,51,25,12,-1,-1,-1,-1
26,13,747,6,34,5,-1,-1,-1,-1
26,14,876,1,19,19,-1,-1,-1,-1
26,15,475,382,11,54,-1,-1,-1,-1
26,18,292,325,166,76,-1,-1,-1,-1
26,19,427,430,53,107,-1,-1,-1,-1
26,20,276,446,150,61,-1,-1,-1,-1
26,35,676,283,73,158,-1,-1,-1,-1
26,44,672,292,29,41,-1,-1,-1,-1
26,81,580,255,12,44,-1,-1,-1,-1
26,82,1222,623,255,62,-1,-1,-1,-1
27,1,820,63,108,35,-1,-1,-1,-1
27,2,832,3,31,41,-1,-1,-1,-1
27,3,768,117,154,164,-1,-1,-1,-1
27,5,827,101,113,66,-1,-1,-1,-1
27,7,1170,1,76,33,-1,-1,-1,-1
27,8,1062,93,121,86,-1,-1,-1,-1
27,11,1024,2,93,28,-1,-1,-1,-1
27,12,835,49,25,12,-1,-1,-1,-1
27,13,765,6,17,5,-1,-1,-1,-1
27,14,876,0,19,19,-1,-1,-1,-1
27,15,473,381,11,53,-1,-1,-1,-1
27,18,293,324,164,76,-1,-1,-1,-1
27,19,427,428,53,107,-1,-1,-1,-1
27,20,277,444,150,62,-1,-1,-1,-1
27,35,680,277,73,157,-1,-1,-1,-1
27,44,676,286,29,40,-1,-1,-1,-1
27,82,1210,601,284,61,-1,-1,-1,-1
28,1,821,58,105,35,-1,-1,-1,-1
28,2,834,0,32,40,-1,-1,-1,-1
28,3,771,111,151,160,-1,-1,-1,-1
28,5,828,95,112,64,-1,-1,-1,-1
28,7,1168,5,74,26,-1,-1,-1,-1
28,8,1061,88,118,83,-1,-1,-1,-1
28,11,1024,0,91,28,-1,-1,-1,-1
28,12,837,46,26,11,-1,-1,-1,-1
28,13,766,5,17,5,-1,-1,-1,-1
28,14,877,3,19,14,-1,-1,-1,-1
28,15,469,377,14,52,-1,-1,-1,-1
28,18,293,320,160,77,-1,-1,-1,-1
28,19,429,421,52,108,-1,-1,-1,-1
28,20,279,440,149,61,-1,-1,-1,-1
28,35,687,266,71,152,-1,-1,-1,-1
28,44,688,274,24,39,-1,-1,-1,-1
28,82,1196,557,270,167,-1,-1,-1,-1
29,1,821,54,105,35,-1,-1,-1,-1
29,2,835,3,32,35,-1,-1,-1,-1
29,3,772,106,150,159,-1,-1,-1,-1
29,5,829,91,110,63,-1,-1,-1,-1
29,7,1166,1,75,27,-1,-1,-1,-1
29,8,1060,83,117,84,-1,-1,-1,-1
29,11,1024,1,90,24,-1,-1,-1,-1
29,12,838,43,26,11,-1,-1,-1,-1
29,13,767,3,16,5,-1,-1,-1,-1
29,14,878,6,14,9,-1,-1,-1,-1
29,15,466,373,16,52,-1,-1,-1,-1
29,18,293,317,157,77,-1,-1,-1,-1
29,19,430,418,51,107,-1,-1,-1,-1
29,20,280,436,149,61,-1,-1,-1,-1
29,35,691,258,70,150,-1,-1,-1,-1
29,44,692,267,23,38,-1,-1,-1,-1
29,82,1190,537,263,160,-1,-1,-1,-1
30,1,822,49,103,34,-1,-1,-1,-1
30,2,837,1,32,33,-1,-1,-1,-1
30,3,775,97,146,156,-1,-1,-1,-1
30,5,830,83,108,63,-1,-1,-1,-1
30,7,1164,6,74,19,-1,-1,-1,-1
30,8,1059,77,115,82,-1,-1,-1,-1
30,11,1023,2,89,20,-1,-1,-1,-1
30,12,841,40,25,9,-1,-1,-1,-1
30,13,769,1,16,4,-1,-1,-1,-1
30,14,878,4,15,8,-1,-1,-1,-1
30,18,293,312,158,79,-1,-1,-1,-1
30,19,431,420,51,99,-1,-1,-1,-1
30,20,282,431,148,61,-1,-1,-1,-1
30,35,699,246,67,146,-1,-1,-1,-1
30,44,699,254,23,38,-1,-1,-1,-1
30,82,1179,499,250,213,-1,-1,-1,-1
31,1,823,46,101,34,-1,-1,-1,-1
31,2,838,6,31,37,-1,-1,-1,-1
31,3,775,93,146,154,-1,-1,-1,-1
31,5,830,80,107,61,-1,-1,-1,-1
31,7,1163,4,73,19,-1,-1,-1,-1
31,8,1059,74,113,80,-1,-1,-1,-1
31,11,1023,0,88,20,-1,-1,-1,-1
31,14,879,2,14,8,-1,-1,-1,-1
31,18,292,310,159,78,-1,-1,-1,-1
31,19,431,379,53,137,-1,-1,-1,-1
31,20,283,428,147,61,-1,-1,-1,-1
31,35,702,239,64,145,-1,-1,-1,-1
31,44,702,247,23,38,-1,-1,-1,-1
31,82,1173,481,244,207,-1,-1,-1,-1
32,1,823,43,100,34,-1,-1,-1,-1
32,2,841,6,30,35,-1,-1,-1,-1
32,3,777,87,143,151,-1,-1,-1,-1
32,5,831,76,105,59,-1,-1,-1,-1
32,7,1160,2,72,19,-1,-1,-1,-1
32,8,1057,69,112,80,-1,-1,-1,-1
32,11,1023,1,86,18,-1,-1,-1,-1
32,14,880,2,13,7,-1,-1,-1,-1
32,18,300,308,151,70,-1,-1,-1,-1
32,19,431,376,53,136,-1,-1,-1,-1
32,20,285,425,146,59,-1,-1,-1,-1
32,35,708,228,63,142,-1,-1,-1,-1
32,44,708,236,23,38,-1,-1,-1,-1
32,82,1163,450,234,197,-1,-1,-1,-1
33,1,824,39,99,33,-1,-1,-1,-1
33,2,842,5,31,31,-1,-1,-1,-1
33,3,779,81,140,147,-1,-1,-1,-1
33,5,832,71,103,57,-1,-1,-1,-1
33,7,1158,7,71,10,-1,-1,-1,-1
33,8,1056,64,109,78,-1,-1,-1,-1
33,11,1025,1,83,15,-1,-1,-1,-1
33,18,299,306,153,67,-1,-1,-1,-1
33,19,433,371,51,136,-1,-1,-1,-1
33,20,286,420,146,58,-1,-1,-1,-1
33,35,714,217,61,139,-1,-1,-1,-1
33,44,714,225,22,37,-1,-1,-1,-1
33,82,1154,420,224,184,-1,-1,-1,-1
34,1,825,34,97,32,-1,-1,-1,-1
34,2,848,0,26,31,-1,-1,-1,-1
34,3,781,74,138,144,-1,-1,-1,-1
34,5,833,65,101,56,-1,-1,-1,-1
34,7,1156,3,70,10,-1,-1,-1,-1
34,8,1055,58,107,77,-1,-1,-1,-1
34,11,1025,1,81,12,-1,-1,-1,-1
34,18,296,301,156,67,-1,-1,-1,-1
34,19,432,366,51,136,-1,-1,-1,-1
34,20,287,414,145,58,-1,-1,-1,-1
34,35,720,206,59,137,-1,-1,-1,-1
34,44,720,214,21,37,-1,-1,-1,-1
34,82,1134,392,226,183,-1,-1,-1,-1
35,1,826,30,95,31,-1,-1,-1,-1
35,2,849,2,27,25,-1,-1,-1,-1
35,3,783,68,135,142,-1,-1,-1,-1
35,5,833,60,99,55,-1,-1,-1,-1
35,8,1054,53,105,75,-1,-1,-1,-1
35,11,1024,3,81,7,-1,-1,-1,-1
35,18,293,304,158,61,-1,-1,-1,-1
35,19,431,357,51,142,-1,-1,-1,-1
35,20,287,410,145,58,-1,-1,-1,-1
35,35,725,197,59,134,-1,-1,-1,-1
35,44,725,205,21,36,-1,-1,-1,-1
35,82,1127,367,217,174,-1,-1,-1,-1
35,120,1568,478,196,62,-1,-1,-1,-1
35,121,1540,500,36,15,-1,-1,-1,-1
36,1,827,26,93,31,-1,-1,-1,-1
36,2,851,0,26,23,-1,-1,-1,-1
36,3,784,63,133,139,-1,-1,-1,-1
36,5,834,56,97,53,-1,-1,-1,-1
36,8,1053,48,103,75,-1,-1,-1,-1
36,11,1024,0,79,8,-1,-1,-1,-1
36,18,285,301,166,61,-1,-1,-1,-1
36,19,429,403,51,93,-1,-1,-1,-1
36,20,287,407,145,58,-1,-1,-1,-1
36,35,730,188,57,131,-1,-1,-1,-1
36,44,730,196,20,35,-1,-1,-1,-1
36,82,1119,344,211,167,-1,-1,-1,-1
36,121,1507,458,91,54,-1,-1,-1,-1
36,124,622,238,7,43,-1,-1,-1,-1
36,128,253,350,6,21,-1,-1,-1,-1
37,1,827,23,93,30,-1,-1,-1,-1
37,2,853,5,21,15,-1,-1,-1,-1
37,3,786,57,131,137,-1,-1,-1,-1
37,5,835,51,95,52,-1,-1,-1,-1
37,8,1052,44,101,73,-1,-1,-1,-1
37,18,280,297,169,62,-1,-1,-1,-1
37,19,428,400,50,92,-1,-1,-1,-1
37,20,286,404,145,57,-1,-1,-1,-1
37,35,735,179,55,129,-1,-1,-1,-1
37,44,735,187,20,35,-1,-1,-1,-1
37,82,1108,323,212,159,-1,-1,-1,-1
37,121,1486,407,77,100,-1,-1,-1,-1
37,124,627,236,7,42,-1,-1,-1,-1
37,128,245,346,7,21,-1,-1,-1,-1
37,135,595,226,6,57,-1,-1,-1,-1
37,139,418,221,59,33,-1,-1,-1,-1
38,1,827,13,92,35,-1,-1,-1,-1
38,2,855,2,21,13,-1,-1,-1,-1
38,3,788,52,128,134,-1,-1,-1,-1
38,5,835,47,94,50,-1,-1,-1,-1
38,8,1050,39,100,72,-1,-1,-1,-1
38,18,275,293,172,104,-1,-1,-1,-1
38,19,426,397,50,90,-1,-1,-1,-1
38,20,285,399,146,57,-1,-1,-1,-1
38,35,739,170,54,127,-1,-1,-1,-1
38,44,739,178,20,35,-1,-1,-1,-1
38,82,1103,302,204,153,-1,-1,-1,-1
38,121,1464,380,74,96,-1,-1,-1,-1
38,124,631,234,7,42,-1,-1,-1,-1
38,128,238,341,6,21,-1,-1,-1,-1
38,135,590,217,17,64,-1,-1,-1,-1
38,139,411,220,105,79,-1,-1,-1,-1
38,145,367,240,40,25,-1,-1,-1,-1
39,1,827,9,91,35,-1,-1,-1,-1
39,2,857,2,15,10,-1,-1,-1,-1
39,3,789,47,126,132,-1,-1,-1,-1
39,5,836,42,91,50,-1,-1,-1,-1
39,8,1049,35,98,70,-1,-1,-1,-1
39,18,270,290,174,103,-1,-1,-1,-1
39,19,423,394,50,89,-1,-1,-1,-1
39,20,284,395,145,57,-1,-1,-1,-1
39,35,742,162,55,124,-1,-1,-1,-1
39,44,742,170,21,34,-1,-1,-1,-1
39,82,1098,284,197,146,-1,-1,-1,-1
39,121,1443,355,72,92,-1,-1,-1,-1
39,124,634,231,7,42,-1,-1,-1,-1
39,128,230,337,7,21,-1,-1,-1,-1
39,135,595,215,17,64,-1,-1,-1,-1
39,139,423,218,102,79,-1,-1,-1,-1
39,145,370,223,48,40,-1,-1,-1,-1
40,1,829,3,88,35,-1,-1,-1,-1
40,3,792,39,123,128,-1,-1,-1,-1
40,5,837,36,89,48,-1,-1,-1,-1
40,8,1047,28,96,69,-1,-1,-1,-1
40,18,261,284,179,101,-1,-1,-1,-1
40,19,419,388,48,88,-1,-1,-1,-1
40,20,283,387,142,55,-1,-1,-1,-1
40,35,748,151,51,120,-1,-1,-1,-1
40,44,748,158,21,33,-1,-1,-1,-1
40,82,1106,258,172,138,-1,-1,-1,-1
40,121,1417,320,164,134,-1,-1,-1,-1
40,124,638,228,8,41,-1,-1,-1,-1
40,128,217,331,7,20,-1,-1,-1,-1
40,135,602,211,17,63,-1,-1,-1,-1
40,139,439,215,100,78,-1,-1,-1,-1
40,145,383,220,52,41,-1,-1,-1,-1
40,166,1590,324,55,87,-1,-1,-1,-1
40,170,700,580,24,32,-1,-1,-1,-1
40,174,1342,572,111,151,-1,-1,-1,-1
41,1,830,0,86,35,-1,-1,-1,-1
41,3,793,35,121,126,-1,-1,-1,-1
41,5,892,32,33,47,-1,-1,-1,-1
41,8,1046,24,95,69,-1,-1,-1,-1
41,18,255,280,182,100,-1,-1,-1,-1
41,19,415,385,49,86,-1,-1,-1,-1
41,20,282,381,141,55,-1,-1,-1,-1
41,35,751,142,51,119,-1,-1,-1,-1
41,44,752,150,20,33,-1,-1,-1,-1
41,82,1102,243,166,132,-1,-1,-1,-1
41,121,1400,301,157,124,-1,-1,-1,-1
41,124,640,225,8,41,-1,-1,-1,-1
41,128,191,326,24,21,-1,-1,-1,-1
41,135,606,209,16,63,-1,-1,-1,-1
41,139,450,205,97,91,-1,-1,-1,-1
41,145,392,219,53,40,-1,-1,-1,-1
41,166,1567,303,52,83,-1,-1,-1,-1
41,170,715,544,32,39,-1,-1,-1,-1
41,174,1321,528,104,143,-1,-1,-1,-1
42,1,830,0,86,34,-1,-1,-1,-1
42,3,793,34,121,125,-1,-1,-1,-1
42,5,892,31,32,47,-1,-1,-1,-1
42,8,1046,23,93,68,-1,-1,-1,-1
42,18,251,279,184,100,-1,-1,-1,-1
42,19,413,384,49,86,-1,-1,-1,-1
42,20,280,380,141,54,-1,-1,-1,-1
42,35,753,139,50,118,-1,-1,-1,-1
42,44,753,146,21,34,-1,-1,-1,-1
42,82,1099,236,164,131,-1,-1,-1,-1
42,121,1392,291,154,121,-1,-1,-1,-1
42,124,641,225,8,41,-1,-1,-1,-1
42,128,187,325,24,21,-1,-1,-1,-1
42,135,608,209,14,62,-1,-1,-1,-1
42,139,514,213,38,83,-1,-1,-1,-1
42,166,1556,294,50,81,-1,-1,-1,-1
42,170,722,528,31,38,-1,-1,-1,-1
42,174,1311,509,102,138,-1,-1,-1,-1
43,1,832,2,84,28,-1,-1,-1,-1
43,3,795,29,118,123,-1,-1,-1,-1
43,5,892,26,31,46,-1,-1,-1,-1
43,8,1045,19,92,67,-1,-1,-1,-1
43,18,234,276,197,177,-1,-1,-1,-1
43,19,408,380,49,86,-1,-1,-1,-1
43,20,278,375,139,54,-1,-1,-1,-1
43,35,756,131,49,116,-1,-1,-1,-1
43,44,756,138,21,33,-1,-1,-1,-1
43,82,1095,221,158,127,-1,-1,-1,-1
43,121,1378,272,146,125,-1,-1,-1,-1
43,124,643,222,8,41,-1,-1,-1,-1
43,128,177,321,24,21,-1,-1,-1,-1
43,135,612,206,14,62,-1,-1,-1,-1
43,139,523,210,37,83,-1,-1,-1,-1
43,166,1559,299,24,53,-1,-1,-1,-1
43,170,735,495,41,37,-1,-1,-1,-1
43,174,1293,471,97,191,-1,-1,-1,-1
43,191,212,344,9,19,-1,-1,-1,-1
44,1,832,1,83,27,-1,-1,-1,-1
44,3,795,26,118,123,-1,-1,-1,-1
44,5,892,23,31,46,-1,-1,-1,-1
44,8,1044,17,92,66,-1,-1,-1,-1
44,18,231,274,197,177,-1,-1,-1,-1
44,19,438,378,17,54,-1,-1,-1,-1
44,20,276,373,139,54,-1,-1,-1,-1
44,35,757,128,49,114,-1,-1,-1,-1
44,44,757,135,21,32,-1,-1,-1,-1
44,82,1093,214,156,125,-1,-1,-1,-1
44,121,1371,262,143,123,-1,-1,-1,-1
44,124,644,220,8,41,-1,-1,-1,-1
44,128,157,318,38,34,-1,-1,-1,-1
44,135,614,205,14,62,-1,-1,-1,-1
44,139,518,210,46,81,-1,-1,-1,-1
44,166,1550,289,22,51,-1,-1,-1,-1
44,170,710,480,101,55,-1,-1,-1,-1
44,174,1284,454,97,186,-1,-1,-1,-1
44,191,207,342,17,19,-1,-1,-1,-1
45,1,833,8,82,17,-1,-1,-1,-1
45,3,796,22,116,121,-1,-1,-1,-1
45,5,891,20,31,45,-1,-1,-1,-1
45,8,1043,13,91,66,-1,-1,-1,-1
45,18,224,268,198,180,-1,-1,-1,-1
45,19,433,375,16,54,-1,-1,-1,-1
45,20,272,371,138,54,-1,-1,-1,-1
45,35,760,122,48,112,-1,-1,-1,-1
45,44,760,129,21,32,-1,-1,-1,-1
45,82,1086,202,154,120,-1,-1,-1,-1
45,121,1354,246,141,122,-1,-1,-1,-1
45,124,645,218,8,41,-1,-1,-1,-1
45,128,143,316,40,33,-1,-1,-1,-1
45,135,618,203,13,61,-1,-1,-1,-1
45,139,528,208,44,81,-1,-1,-1,-1
45,166,1515,272,36,48,-1,-1,-1,-1
45,170,723,456,97,77,-1,-1,-1,-1
45,174,1269,422,93,176,-1,-1,-1,-1
45,191,158,340,57,71,-1,-1,-1,-1
46,1,833,6,81,17,-1,-1,-1,-1
46,3,797,20,115,119,-1,-1,-1,-1
46,5,891,17,31,45,-1,-1,-1,-1
46,8,1043,11,90,65,-1,-1,-1,-1
46,18,220,267,198,179,-1,-1,-1,-1
46,19,429,373,16,53,-1,-1,-1,-1
46,20,270,370,137,54,-1,-1,-1,-1
46,35,761,118,47,112,-1,-1,-1,-1
46,44,761,125,21,32,-1,-1,-1,-1
46,82,1084,195,152,119,-1,-1,-1,-1
46,121,1347,238,139,117,-1,-1,-1,-1
46,128,135,314,42,33,-1,-1,-1,-1
46,135,619,202,14,61,-1,-1,-1,-1
46,139,506,198,69,90,-1,-1,-1,-1
46,166,1505,264,36,46,-1,-1,-1,-1
46,170,728,443,96,76,-1,-1,-1,-1
46,174,1262,407,91,170,-1,-1,-1,-1
46,191,151,338,59,71,-1,-1,-1,-1
46,211,423,220,20,25,-1,-1,-1,-1
46,213,445,215,41,38,-1,-1,-1,-1
46,217,646,217,3,47,-1,-1,-1,-1
47,1,838,4,76,16,-1,-1,-1,-1
47,3,798,17,113,117,-1,-1,-1,-1
47,5,891,14,30,45,-1,-1,-1,-1
47,8,1042,8,88,65,-1,-1,-1,-1
47,18,191,265,218,180,-1,-1,-1,-1
47,19,421,370,17,52,-1,-1,-1,-1
47,20,264,368,136,55,-1,-1,-1,-1
47,35,764,113,46,110,-1,-1,-1,-1
47,44,764,120,20,31,-1,-1,-1,-1
47,82,1073,184,156,114,-1,-1,-1,-1
47,121,1336,224,132,119,-1,-1,-1,-1
47,128,120,312,43,33,-1,-1,-1,-1
47,135,622,200,14,61,-1,-1,-1,-1
47,139,515,196,67,90,-1,-1,-1,-1
47,166,1487,249,34,44,-1,-1,-1,-1
47,170,740,419,92,74,-1,-1,-1,-1
47,174,1248,379,87,164,-1,-1,-1,-1
47,191,139,337,60,71,-1,-1,-1,-1
47,211,431,219,21,62,-1,-1,-1,-1
47,213,466,213,29,39,-1,-1,-1,-1
47,217,647,215,4,46,-1,-1,-1,-1
48,1,839,3,75,13,-1,-1,-1,-1
48,3,799,12,112,115,-1,-1,-1,-1
48,5,890,10,30,44,-1,-1,-1,-1
48,8,1041,4,87,64,-1,-1,-1,-1
48,18,178,262,223,179,-1,-1,-1,-1
48,19,413,365,17,52,-1,-1,-1,-1
48,20,259,366,133,54,-1,-1,-1,-1
48,35,766,106,45,108,-1,-1,-1,-1
48,44,766,113,20,31,-1,-1,-1,-1
48,82,1071,172,151,110,-1,-1,-1,-1
48,121,1323,209,129,114,-1,-1,-1,-1
48,128,107,309,42,34,-1,-1,-1,-1
48,135,625,197,14,60,-1,-1,-1,-1
48,139,524,194,65,89,-1,-1,-1,-1
48,166,1470,234,33,42,-1,-1,-1,-1
48,170,751,401,89,66,-1,-1,-1,-1
48,174,1236,353,84,156,-1,-1,-1,-1
48,191,125,334,63,70,-1,-1,-1,-1
48,211,439,225,21,55,-1,-1,-1,-1
48,213,471,210,33,39,-1,-1,-1,-1
48,217,648,212,4,45,-1,-1,-1,-1
48,238,1677,655,46,59,-1,-1,-1,-1
49,1,839,1,74,13,-1,-1,-1,-1
49,3,800,10,110,114,-1,-1,-1,-1
49,5,890,8,30,43,-1,-1,-1,-1
49,8,1041,2,86,63,-1,-1,-1,-1
49,18,171,260,225,180,-1,-1,-1,-1
49,19,409,363,17,51,-1,-1,-1,-1
49,20,256,364,132,55,-1,-1,-1,-1
49,35,767,103,45,107,-1,-1,-1,-1
49,44,767,110,20,30,-1,-1,-1,-1
49,82,1069,166,150,109,-1,-1,-1,-1
49,121,1318,202,126,110,-1,-1,-1,-1
49,128,121,308,21,22,-1,-1,-1,-1
49,135,627,196,14,59,-1,-1,-1,-1
49,139,528,192,64,89,-1,-1,-1,-1
49,166,1462,226,39,72,-1,-1,-1,-1
49,170,756,384,87,132,-1,-1,-1,-1
49,174,1230,341,82,152,-1,-1,-1,-1
49,191,119,332,63,71,-1,-1,-1,-1
49,211,443,224,21,54,-1,-1,-1,-1
49,213,475,209,33,38,-1,-1,-1,-1
49,217,649,210,4,45,-1,-1,-1,-1
49,238,1658,630,44,101,-1,-1,-1,-1
50,1,839,0,74,13,-1,-1,-1,-1
50,3,801,8,109,112,-1,-1,-1,-1
50,5,890,5,29,44,-1,-1,-1,-1
50,8,1040,5,85,57,-1,-1,-1,-1
50,18,122,259,265,180,-1,-1,-1,-1
50,19,401,361,17,50,-1,-1,-1,-1
50,20,250,363,131,54,-1,-1,-1,-1
50,35,769,98,44,105,-1,-1,-1,-1
50,44,770,105,19,30,-1,-1,-1,-1
50,82,1067,157,146,106,-1,-1,-1,-1
50,121,1308,190,134,106,-1,-1,-1,-1
50,135,629,195,14,59,-1,-1,-1,-1
50,139,536,191,63,88,-1,-1,-1,-1
50,166,1447,214,32,39,-1,-1,-1,-1
50,170,766,365,84,128,-1,-1,-1,-1
50,174,1220,319,78,150,-1,-1,-1,-1
50,191,108,328,63,73,-1,-1,-1,-1
50,213,501,208,16,35,-1,-1,-1,-1
50,217,650,209,8,44,-1,-1,-1,-1
50,238,1617,581,131,126,-1,-1,-1,-1
51,3,802,9,107,106,-1,-1,-1,-1
51,5,898,11,21,34,-1,-1,-1,-1
51,8,1039,4,84,55,-1,-1,-1,-1
51,18,144,257,234,179,-1,-1,-1,-1
51,19,392,357,18,50,-1,-1,-1,-1
51,20,245,360,127,54,-1,-1,-1,-1
51,35,771,93,44,103,-1,-1,-1,-1
51,44,771,99,20,30,-1,-1,-1,-1
51,82,1064,148,143,103,-1,-1,-1,-1
51,121,1298,178,131,107,-1,-1,-1,-1
51,135,632,193,14,59,-1,-1,-1,-1
51,139,545,189,60,88,-1,-1,-1,-1
51,166,1432,202,31,36,-1,-1,-1,-1
51,170,775,347,81,152,-1,-1,-1,-1
51,174,1210,298,76,144,-1,-1,-1,-1
51,191,139,329,20,19,-1,-1,-1,-1
51,213,504,206,21,35,-1,-1,-1,-1
51,217,651,207,4,43,-1,-1,-1,-1
51,238,1592,546,110,137,-1,-1,-1,-1
52,3,803,4,106,104,-1,-1,-1,-1
52,5,904,26,14,14,-1,-1,-1,-1
52,8,1038,2,83,59,-1,-1,-1,-1
52,18,131,254,238,178,-1,-1,-1,-1
52,19,383,352,18,50,-1,-1,-1,-1
52,20,238,356,126,53,-1,-1,-1,-1
52,35,773,86,43,102,-1,-1,-1,-1
52,44,773,93,20,30,-1,-1,-1,-1
52,82,1061,137,140,100,-1,-1,-1,-1
52,121,1290,165,125,118,-1,-1,-1,-1
52,135,634,190,14,58,-1,-1,-1,-1
52,139,552,186,58,87,-1,-1,-1,-1
52,166,1418,188,30,35,-1,-1,-1,-1
52,170,784,322,78,152,-1,-1,-1,-1
52,174,1201,277,73,139,-1,-1,-1,-1
52,191,126,326,22,18,-1,-1,-1,-1
52,213,507,203,25,34,-1,-1,-1,-1
52,217,652,204,4,43,-1,-1,-1,-1
52,238,1564,507,100,133,-1,-1,-1,-1
53,3,804,7,104,96,-1,-1,-1,-1
53,5,904,22,13,14,-1,-1,-1,-1
53,8,1037,3,83,54,-1,-1,-1,-1
53,18,120,251,240,178,-1,-1,-1,-1
53,19,374,349,18,49,-1,-1,-1,-1
53,20,231,353,125,53,-1,-1,-1,-1
53,35,775,81,42,100,-1,-1,-1,-1
53,44,775,88,19,28,-1,-1,-1,-1
53,82,1060,128,136,97,-1,-1,-1,-1
53,121,1282,154,121,113,-1,-1,-1,-1
53,135,637,187,14,58,-1,-1,-1,-1
53,139,560,183,56,87,-1,-1,-1,-1
53,166,1405,177,30,33,-1,-1,-1,-1
53,170,793,304,74,150,-1,-1,-1,-1
53,174,1192,259,72,134,-1,-1,-1,-1
53,191,115,324,22,18,-1,-1,-1,-1
53,213,511,199,29,35,-1,-1,-1,-1
53,217,653,202,4,42,-1,-1,-1,-1
53,238,1538,474,92,125,-1,-1,-1,-1
54,3,805,5,103,94,-1,-1,-1,-1
54,5,903,24,13,10,-1,-1,-1,-1
54,8,1036,1,82,54,-1,-1,-1,-1
54,18,111,253,239,175,-1,-1,-1,-1
54,19,365,346,17,50,-1,-1,-1,-1
54,20,224,351,123,53,-1,-1,-1,-1
54,35,777,77,42,99,-1,-1,-1,-1
54,44,777,84,19,29,-1,-1,-1,-1
54,82,1058,120,133,95,-1,-1,-1,-1
54,121,1274,145,117,110,-1,-1,-1,-1
54,135,639,186,13,58,-1,-1,-1,-1
54,139,567,182,54,86,-1,-1,-1,-1
54,166,1393,167,29,32,-1,-1,-1,-1
54,170,797,289,75,145,-1,-1,-1,-1
54,174,1185,243,69,130,-1,-1,-1,-1
54,213,485,198,62,38,-1,-1,-1,-1
54,217,654,200,4,38,-1,-1,-1,-1
54,238,1540,426,195,155,-1,-1,-1,-1
54,277,479,202,18,29,-1,-1,-1,-1
54,278,479,256,10,12,-1,-1,-1,-1
55,3,805,9,102,85,-1,-1,-1,-1
55,5,903,22,13,9,-1,-1,-1,-1
55,8,1036,2,76,49,-1,-1,-1,-1
55,18,113,251,226,174,-1,-1,-1,-1
55,19,354,342,18,50,-1,-1,-1,-1
55,20,214,347,123,53,-1,-1,-1,-1
55,35,779,73,41,97,-1,-1,-1,-1
55,44,779,79,18,29,-1,-1,-1,-1
55,82,1056,112,130,93,-1,-1,-1,-1
55,121,1266,136,114,107,-1,-1,-1,-1
55,135,620,176,34,66,-1,-1,-1,-1
55,139,573,180,52,85,-1,-1,-1,-1
55,166,1382,157,28,31,-1,-1,-1,-1
55,170,804,274,72,142,-1,-1,-1,-1
55,174,1178,228,66,125,-1,-1,-1,-1
55,213,492,195,61,39,-1,-1,-1,-1
55,217,655,198,4,37,-1,-1,-1,-1
55,238,1499,398,219,151,-1,-1,-1,-1
55,277,485,200,18,28,-1,-1,-1,-1
55,278,485,254,11,12,-1,-1,-1,-1
55,286,1129,563,9,37,-1,-1,-1,-1
56,3,806,6,101,83,-1,-1,-1,-1
56,5,903,18,13,9,-1,-1,-1,-1
56,8,1040,2,70,45,-1,-1,-1,-1
56,18,127,250,200,172,-1,-1,-1,-1
56,19,337,337,24,84,-1,-1,-1,-1
56,20,205,343,121,53,-1,-1,-1,-1
56,35,780,67,40,96,-1,-1,-1,-1
56,44,781,74,17,28,-1,-1,-1,-1
56,82,1054,104,127,90,-1,-1,-1,-1
56,121,1259,126,119,104,-1,-1,-1,-1
56,135,623,172,33,66,-1,-1,-1,-1
56,139,556,170,73,91,-1,-1,-1,-1
56,166,1371,147,28,30,-1,-1,-1,-1
56,170,811,260,69,137,-1,-1,-1,-1
56,174,1171,213,65,125,-1,-1,-1,-1
56,213,498,192,61,38,-1,-1,-1,-1
56,217,656,195,4,37,-1,-1,-1,-1
56,238,1478,353,193,163,-1,-1,-1,-1
56,277,490,196,18,29,-1,-1,-1,-1
56,278,491,250,11,12,-1,-1,-1,-1
56,286,1123,523,7,35,-1,-1,-1,-1
56,292,1246,581,106,51,-1,-1,-1,-1
57,3,808,2,98,82,-1,-1,-1,-1
57,5,902,14,14,10,-1,-1,-1,-1
57,8,1041,3,67,40,-1,-1,-1,-1
57,18,111,248,204,172,-1,-1,-1,-1
57,19,327,333,23,84,-1,-1,-1,-1
57,20,196,339,120,53,-1,-1,-1,-1
57,35,782,62,39,95,-1,-1,-1,-1
57,44,782,69,18,28,-1,-1,-1,-1
57,82,1052,96,125,88,-1,-1,-1,-1
57,121,1252,117,115,100,-1,-1,-1,-1
57,135,625,170,33,66,-1,-1,-1,-1
57,139,559,167,74,91,-1,-1,-1,-1
57,166,1360,138,28,28,-1,-1,-1,-1
57,170,818,248,66,132,-1,-1,-1,-1
57,174,1165,199,63,121,-1,-1,-1,-1
57,213,503,189,62,38,-1,-1,-1,-1
57,217,657,193,4,36,-1,-1,-1,-1
57,238,1460,316,219,163,-1,-1,-1,-1
57,277,496,194,17,28,-1,-1,-1,-1
57,278,496,247,12,12,-1,-1,-1,-1
57,286,1099,457,69,64,-1,-1,-1,-1
57,292,1161,501,183,88,-1,-1,-1,-1
58,3,808,2,98,78,-1,-1,-1,-1
58,5,902,7,13,14,-1,-1,-1,-1
58,8,1040,1,66,40,-1,-1,-1,-1
58,18,105,241,198,176,-1,-1,-1,-1
58,19,317,329,22,84,-1,-1,-1,-1
58,20,187,337,118,54,-1,-1,-1,-1
58,35,783,58,39,93,-1,-1,-1,-1
58,44,784,64,17,28,-1,-1,-1,-1
58,82,1050,90,123,86,-1,-1,-1,-1
58,121,1245,109,113,97,-1,-1,-1,-1
58,135,627,168,33,66,-1,-1,-1,-1
58,139,563,165,74,91,-1,-1,-1,-1
58,166,1351,129,27,28,-1,-1,-1,-1
58,170,823,236,64,129,-1,-1,-1,-1
58,174,1159,186,61,118,-1,-1,-1,-1
58,213,508,187,62,38,-1,-1,-1,-1
58,217,658,191,5,35,-1,-1,-1,-1
58,238,1439,296,212,155,-1,-1,-1,-1
58,277,501,174,36,46,-1,-1,-1,-1
58,278,501,245,12,11,-1,-1,-1,-1
58,286,1095,427,83,62,-1,-1,-1,-1
58,292,1153,427,175,122,-1,-1,-1,-1
59,3,810,4,96,72,-1,-1,-1,-1
59,5,908,4,7,14,-1,-1,-1,-1
59,8,1039,1,67,38,-1,-1,-1,-1
59,18,105,241,186,141,-1,-1,-1,-1
59,19,306,325,21,83,-1,-1,-1,-1
59,20,180,332,113,56,-1,-1,-1,-1
59,35,785,54,38,91,-1,-1,-1,-1
59,44,785,60,17,27,-1,-1,-1,-1
59,82,1048,82,121,85,-1,-1,-1,-1
59,121,1239,101,110,95,-1,-1,-1,-1
59,135,629,166,33,65,-1,-1,-1,-1
59,139,566,160,75,97,-1,-1,-1,-1
59,166,1341,121,27,26,-1,-1,-1,-1
59,170,828,223,62,126,-1,-1,-1,-1
59,174,1153,174,60,115,-1,-1,-1,-1
59,213,513,185,73,37,-1,-1,-1,-1
59,217,659,189,5,34,-1,-1,-1,-1
59,238,1423,276,211,149,-1,-1,-1,-1
59,277,506,172,35,46,-1,-1,-1,-1
59,278,506,242,12,12,-1,-1,-1,-1
59,286,1091,398,60,61,-1,-1,-1,-1
59,292,1265,418,42,79,-1,-1,-1,-1
60,3,810,3,96,69,-1,-1,-1,-1
60,5,908,1,7,14,-1,-1,-1,-1
60,8,1038,12,66,24,-1,-1,-1,-1
60,18,104,241,175,138,-1,-1,-1,-1
60,19,295,321,21,83,-1,-1,-1,-1
60,20,170,329,112,56,-1,-1,-1,-1
60,35,786,50,38,90,-1,-1,-1,-1
60,44,786,56,17,27,-1,-1,-1,-1
60,82,1047,76,118,82,-1,-1,-1,-1
60,121,1233,93,107,93,-1,-1,-1,-1
60,135,631,164,32,65,-1,-1,-1,-1
60,139,569,158,75,96,-1,-1,-1,-1
60,166,1333,113,25,26,-1,-1,-1,-1
60,170,832,211,61,124,-1,-1,-1,-1
60,174,1147,163,59,112,-1,-1,-1,-1
60,213,517,183,73,37,-1,-1,-1,-1
60,217,656,183,10,38,-1,-1,-1,-1
60,238,1408,258,202,148,-1,-1,-1,-1
60,277,510,170,29,46,-1,-1,-1,-1
60,278,511,240,11,12,-1,-1,-1,-1
60,286,1087,372,57,59,-1,-1,-1,-1
60,292,1253,391,40,75,-1,-1,-1,-1
61,3,812,0,94,67,-1,-1,-1,-1
61,5,908,1,7,11,-1,-1,-1,-1
61,8,1038,8,64,24,-1,-1,-1,-1
61,18,104,241,163,135,-1,-1,-1,-1
61,19,284,318,20,82,-1,-1,-1,-1
61,20,160,326,110,56,-1,-1,-1,-1
61,35,787,45,38,89,-1,-1,-1,-1
61,44,787,52,18,26,-1,-1,-1,-1
61,82,1045,70,116,80,-1,-1,-1,-1
61,121,1227,85,104,91,-1,-1,-1,-1
61,135,634,161,31,64,-1,-1,-1,-1
61,139,572,155,75,96,-1,-1,-1,-1
61,166,1324,104,25,26,-1,-1,-1,-1
61,170,836,199,59,121,-1,-1,-1,-1
61,174,1142,153,58,108,-1,-1,-1,-1
61,213,522,180,72,37,-1,-1,-1,-1
61,217,658,179,10,39,-1,-1,-1,-1
61,238,1392,240,201,143,-1,-1,-1,-1
61,277,515,167,28,46,-1,-1,-1,-1
61,278,515,237,12,11,-1,-1,-1,-1
61,286,1083,348,55,116,-1,-1,-1,-1
61,292,1242,350,39,86,-1,-1,-1,-1
61,321,1501,633,29,18,-1,-1,-1,-1
62,3,817,13,89,50,-1,-1,-1,-1
62,8,1037,5,64,23,-1,-1,-1,-1
62,18,104,241,152,132,-1,-1,-1,-1
62,19,273,315,19,82,-1,-1,-1,-1
62,20,150,323,109,56,-1,-1,-1,-1
62,35,788,41,38,88,-1,-1,-1,-1
62,44,789,47,17,26,-1,-1,-1,-1
62,82,1044,63,113,79,-1,-1,-1,-1
62,121,1222,77,101,89,-1,-1,-1,-1
62,135,636,158,32,64,-1,-1,-1,-1
62,139,574,152,76,94,-1,-1,-1,-1
62,166,1314,96,27,25,-1,-1,-1,-1
62,170,839,189,58,117,-1,-1,-1,-1
62,174,1138,141,55,114,-1,-1,-1,-1
62,213,526,177,72,36,-1,-1,-1,-1
62,217,664,181,6,34,-1,-1,-1,-1
62,238,1375,224,197,138,-1,-1,-1,-1
62,277,519,164,27,45,-1,-1,-1,-1
62,278,519,233,12,12,-1,-1,-1,-1
62,286,1079,325,131,113,-1,-1,-1,-1
62,292,1238,327,37,82,-1,-1,-1,-1
62,321,1467,574,36,75,-1,-1,-1,-1
62,326,1421,639,17,34,-1,-1,-1,-1
63,3,818,3,88,54,-1,-1,-1,-1
63,8,1036,1,62,23,-1,-1,-1,-1
63,18,120,254,113,72,-1,-1,-1,-1
63,19,250,312,19,82,-1,-1,-1,-1
63,20,132,320,105,56,-1,-1,-1,-1
63,35,791,36,37,85,-1,-1,-1,-1
63,44,791,42,17,25,-1,-1,-1,-1
63,82,1041,54,110,76,-1,-1,-1,-1
63,121,1212,66,96,85,-1,-1,-1,-1
63,135,643,155,30,63,-1,-1,-1,-1
63,139,586,149,70,93,-1,-1,-1,-1
63,166,1300,84,25,23,-1,-1,-1,-1
63,170,844,172,56,113,-1,-1,-1,-1
63,174,1129,124,53,108,-1,-1,-1,-1
63,213,534,173,71,36,-1,-1,-1,-1
63,217,670,178,5,33,-1,-1,-1,-1
63,238,1352,271,49,55,-1,-1,-1,-1
63,277,527,161,27,44,-1,-1,-1,-1
63,278,527,229,12,11,-1,-1,-1,-1
63,286,1073,287,121,106,-1,-1,-1,-1
63,292,1214,286,45,78,-1,-1,-1,-1
63,321,1377,480,63,72,-1,-1,-1,-1
64,3,821,4,85,46,-1,-1,-1,-1
64,8,1034,2,61,17,-1,-1,-1,-1
64,18,125,250,90,29,-1,-1,-1,-1
64,19,232,308,20,81,-1,-1,-1,-1
64,20,117,316,103,55,-1,-1,-1,-1
64,35,793,29,35,84,-1,-1,-1,-1
64,44,793,35,16,25,-1,-1,-1,-1
64,82,1039,44,107,74,-1,-1,-1,-1
64,121,1205,55,93,82,-1,-1,-1,-1
64,135,647,151,31,62,-1,-1,-1,-1
64,139,591,144,70,92,-1,-1,-1,-1
64,166,1290,73,24,22,-1,-1,-1,-1
64,170,847,158,54,109,-1,-1,-1,-1
64,174,1122,110,52,104,-1,-1,-1,-1
64,213,540,176,71,28,-1,-1,-1,-1
64,217,674,173,6,33,-1,-1,-1,-1
64,238,1339,252,43,48,-1,-1,-1,-1
64,277,529,156,31,48,-1,-1,-1,-1
64,278,533,223,12,11,-1,-1,-1,-1
64,286,1069,260,115,101,-1,-1,-1,-1
64,292,1203,259,42,69,-1,-1,-1,-1
64,321,1345,423,58,65,-1,-1,-1,-1
65,3,822,1,84,46,-1,-1,-1,-1
65,8,1033,8,61,8,-1,-1,-1,-1
65,18,114,249,89,29,-1,-1,-1,-1
65,19,221,306,19,81,-1,-1,-1,-1
65,20,109,314,100,55,-1,-1,-1,-1
65,35,794,26,34,83,-1,-1,-1,-1
65,44,794,32,16,25,-1,-1,-1,-1
65,82,1038,40,105,71,-1,-1,-1,-1
65,121,1200,50,92,80,-1,-1,-1,-1
65,135,650,149,31,62,-1,-1,-1,-1
65,139,595,139,69,95,-1,-1,-1,-1
65,166,1283,67,24,22,-1,-1,-1,-1
65,170,849,150,52,106,-1,-1,-1,-1
65,174,1118,102,51,102,-1,-1,-1,-1
65,213,545,173,70,28,-1,-1,-1,-1
65,217,677,171,5,32,-1,-1,-1,-1
65,238,1329,202,148,82,-1,-1,-1,-1
65,277,533,153,31,48,-1,-1,-1,-1
65,278,537,220,12,11,-1,-1,-1,-1
65,286,1067,244,110,98,-1,-1,-1,-1
65,292,1195,243,42,66,-1,-1,-1,-1
65,321,1319,389,85,80,-1,-1,-1,-1
65,333,668,554,101,78,-1,-1,-1,-1
65,334,1330,194,15,28,-1,-1,-1,-1
65,335,1444,165,36,30,-1,-1,-1,-1
65,336,1356,166,31,23,-1,-1,-1,-1
66,3,822,2,84,43,-1,-1,-1,-1
66,8,1033,6,60,8,-1,-1,-1,-1
66,18,117,247,80,31,-1,-1,-1,-1
66,19,196,305,38,89,-1,-1,-1,-1
66,20,108,313,95,55,-1,-1,-1,-1
66,35,797,23,32,83,-1,-1,-1,-1
66,44,794,30,17,24,-1,-1,-1,-1
66,82,1037,37,104,71,-1,-1,-1,-1
66,121,1198,46,91,80,-1,-1,-1,-1
66,135,652,147,30,61,-1,-1,-1,-1
66,139,597,137,69,94,-1,-1,-1,-1
66,166,1280,63,24,22,-1,-1,-1,-1
66,170,849,145,52,105,-1,-1,-1,-1
66,174,1116,98,50,100,-1,-1,-1,-1
66,213,546,171,71,28,-1,-1,-1,-1
66,217,678,169,6,32,-1,-1,-1,-1
66,238,1325,195,145,91,-1,-1,-1,-1
66,277,535,151,31,48,-1,-1,-1,-1
66,278,539,218,12,11,-1,-1,-1,-1
66,286,1065,236,109,99,-1,-1,-1,-1
66,292,1192,235,41,65,-1,-1,-1,-1
66,321,1311,373,83,78,-1,-1,-1,-1
66,333,675,533,98,55,-1,-1,-1,-1
66,334,1325,187,15,28,-1,-1,-1,-1
66,335,1437,159,36,29,-1,-1,-1,-1
66,336,1351,160,30,22,-1,-1,-1,-1
67,3,823,0,84,43,-1,-1,-1,-1
67,8,1032,5,60,8,-1,-1,-1,-1
67,35,798,22,32,81,-1,-1,-1,-1
67,44,795,28,16,24,-1,-1,-1,-1
67,82,1039,33,99,70,-1,-1,-1,-1
67,121,1194,42,89,78,-1,-1,-1,-1
67,135,655,146,30,61,-1,-1,-1,-1
67,139,600,136,69,93,-1,-1,-1,-1
67,166,1274,59,24,21,-1,-1,-1,-1
67,170,850,138,51,103,-1,-1,-1,-1
67,174,1113,91,49,99,-1,-1,-1,-1
67,213,550,169,70,28,-1,-1,-1,-1
67,217,681,168,6,32,-1,-1,-1,-1
67,238,1316,184,151,89,-1,-1,-1,-1
67,277,539,150,31,47,-1,-1,-1,-1
67,278,543,216,12,11,-1,-1,-1,-1
67,286,1063,223,122,94,-1,-1,-1,-1
67,292,1185,222,41,62,-1,-1,-1,-1
67,321,1297,345,82,181,-1,-1,-1,-1
67,333,684,496,98,82,-1,-1,-1,-1
67,334,1316,177,15,28,-1,-1,-1,-1
67,335,1423,149,38,30,-1,-1,-1,-1
67,336,1341,150,29,23,-1,-1,-1,-1
67,340,710,589,57,70,-1,-1,-1,-1
67,341,1512,425,57,73,-1,-1,-1,-1
68,3,824,7,83,32,-1,-1,-1,-1
68,8,1032,1,59,8,-1,-1,-1,-1
68,35,799,18,31,81,-1,-1,-1,-1
68,44,796,25,16,23,-1,-1,-1,-1
68,82,1038,29,99,69,-1,-1,-1,-1
68,121,1192,38,88,77,-1,-1,-1,-1
68,135,656,143,30,61,-1,-1,-1,-1
68,139,602,133,68,93,-1,-1,-1,-1
68,166,1270,53,25,23,-1,-1,-1,-1
68,170,851,132,50,102,-1,-1,-1,-1
68,174,1111,86,48,97,-1,-1,-1,-1
68,213,552,166,70,27,-1,-1,-1,-1
68,217,682,164,6,32,-1,-1,-1,-1
68,238,1311,177,149,87,-1,-1,-1,-1
68,277,541,147,39,47,-1,-1,-1,-1
68,278,545,212,12,12,-1,-1,-1,-1
68,286,1062,214,120,96,-1,-1,-1,-1
68,292,1182,213,40,62,-1,-1,-1,-1
68,321,1290,330,81,176,-1,-1,-1,-1
68,333,691,477,95,81,-1,-1,-1,-1
68,334,1312,169,14,28,-1,-1,-1,-1
68,335,1417,142,37,29,-1,-1,-1,-1
68,336,1336,143,29,23,-1,-1,-1,-1
68,340,717,569,55,67,-1,-1,-1,-1
68,341,1501,409,55,71,-1,-1,-1,-1
69,3,825,3,82,32,-1,-1,-1,-1
69,35,800,14,31,79,-1,-1,-1,-1
69,44,797,20,16,23,-1,-1,-1,-1
69,82,1033,24,100,66,-1,-1,-1,-1
69,121,1186,30,85,75,-1,-1,-1,-1
69,135,661,139,29,60,-1,-1,-1,-1
69,139,607,129,68,91,-1,-1,-1,-1
69,166,1262,46,24,21,-1,-1,-1,-1
69,170,851,121,50,100,-1,-1,-1,-1
69,174,1105,75,48,95,-1,-1,-1,-1
69,213,559,161,68,27,-1,-1,-1,-1
69,217,687,160,6,32,-1,-1,-1,-1
69,238,1299,160,143,84,-1,-1,-1,-1
69,277,547,143,30,46,-1,-1,-1,-1
69,278,551,207,12,11,-1,-1,-1,-1
69,286,1059,194,113,93,-1,-1,-1,-1
69,292,1173,193,39,58,-1,-1,-1,-1
69,321,1271,293,77,165,-1,-1,-1,-1
69,333,706,432,95,93,-1,-1,-1,-1
69,334,1300,154,13,27,-1,-1,-1,-1
69,335,1401,127,36,30,-1,-1,-1,-1
69,336,1322,128,29,28,-1,-1,-1,-1
69,340,733,517,52,75,-1,-1,-1,-1
69,346,1461,387,13,31,-1,-1,-1,-1
