0,6,764,101,55,101,1,1,1
0,5,692,13,93,80,1,1,1
0,11,44,205,373,131,1,1,1
0,2,619,441,331,446,1,1,1
0,10,1240,53,128,108,1,1,1
0,4,777,256,168,161,1,1,1
0,3,1124,360,220,203,1,1,1
0,7,857,26,45,85,1,1,1
0,1,54,493,396,370,1,1,1
0,8,1032,40,41,80,1,1,1
0,9,1125,43,45,78,1,1,1
1,6,762,95,55,101,1,1,1
1,11,45,213,373,123,1,1,1
1,8,1027,30,51,95,1,1,1
1,1,57,495,395,356,1,1,1
1,3,1122,350,220,195,1,1,1
1,5,694,15,95,76,1,1,1
1,7,857,23,38,91,1,1,1
1,9,1124,35,45,81,1,1,1
1,10,1239,45,121,113,1,1,1
1,4,779,246,165,156,1,1,1
1,2,627,426,320,438,1,1,1
2,2,645,385,301,408,1,1,1
2,12,292,907,175,171,1,1,1
2,10,1229,43,121,104,1,1,1
2,1,90,475,373,350,1,1,1
2,9,1119,28,48,83,1,1,1
2,7,855,13,51,94,1,1,1
2,8,1027,31,55,90,1,1,1
2,3,1119,320,200,183,1,1,1
2,11,72,206,363,136,1,1,1
2,5,694,8,96,76,1,1,1
2,4,782,226,163,151,1,1,1
2,6,769,88,55,101,1,1,1
3,9,1117,23,48,86,1,1,1
3,1,105,463,368,346,1,1,1
3,11,80,206,359,129,1,1,1
3,6,772,78,50,99,1,1,1
3,2,655,363,291,383,1,1,1
3,12,329,851,168,228,1,1,1
3,3,1112,295,195,185,1,1,1
3,8,1025,20,45,95,1,1,1
3,4,775,213,173,145,1,1,1
3,7,859,8,38,86,1,1,1
3,5,704,5,86,78,1,1,1
3,10,1230,36,110,98,1,1,1
4,8,1022,16,45,88,1,1,1
4,3,1104,285,191,173,1,1,1
4,5,699,5,95,73,1,1,1
4,7,857,13,45,80,1,1,1
4,2,669,340,276,365,1,1,1
4,12,361,784,166,291,1,1,1
4,10,1225,33,111,94,1,1,1
4,4,784,200,165,138,1,1,1
4,11,89,203,361,138,1,1,1
4,6,775,76,46,100,1,1,1
4,1,117,451,358,333,1,1,1
4,9,1115,20,46,80,1,1,1
5,8,1032,20,31,80,1,1,1
5,6,782,68,43,104,1,1,1
5,11,82,203,371,141,1,1,1
5,12,402,745,120,316,1,1,1
5,10,1225,25,101,98,1,1,1
5,3,1104,270,180,165,1,1,1
5,1,134,445,353,326,1,1,1
5,7,864,6,33,85,1,1,1
5,4,782,195,160,138,1,1,1
5,9,1124,18,33,81,1,1,1
5,2,682,321,265,355,1,1,1
5,5,704,5,88,76,1,1,1
6,7,862,5,33,78,1,1,1
6,3,1097,255,176,161,1,1,1
6,12,430,685,123,331,1,1,1
6,6,777,63,51,98,1,1,1
6,11,95,205,373,135,1,1,1
6,1,147,433,341,325,1,1,1
6,2,685,300,253,340,1,1,1
6,10,1214,25,110,93,1,1,1
6,5,709,5,91,68,1,1,1
6,8,1027,16,38,75,1,1,1
6,9,1120,13,35,78,1,1,1
6,4,785,181,156,136,1,1,1
7,10,1217,21,105,93,1,1,1
7,6,779,65,55,90,1,1,1
7,7,857,3,46,78,1,1,1
7,8,1027,11,38,83,1,1,1
7,11,107,203,358,141,1,1,1
7,3,1100,245,170,160,1,1,1
7,4,789,178,151,131,1,1,1
7,12,447,671,111,308,1,1,1
7,9,1110,16,46,75,1,1,1
7,2,690,288,246,328,1,1,1
7,1,152,430,348,320,1,1,1
7,5,709,5,90,66,1,1,1
8,7,861,1,36,73,1,1,1
8,10,1209,15,106,96,1,1,1
8,3,1090,230,175,156,1,1,1
8,11,114,205,365,131,1,1,1
8,8,1029,15,36,71,1,1,1
8,12,467,633,111,300,1,1,1
8,6,784,56,50,93,1,1,1
8,2,702,276,236,310,1,1,1
8,5,711,1,81,68,1,1,1
8,1,169,420,328,316,1,1,1
8,4,792,173,151,123,1,1,1
8,9,1115,3,38,83,1,1,1
9,11,110,203,375,136,1,1,1
9,9,1115,3,36,78,1,1,1
9,5,712,2,81,68,1,1,1
9,1,175,416,323,310,1,1,1
9,4,790,163,151,133,1,1,1
9,7,861,1,35,71,1,1,1
9,10,1210,11,100,90,1,1,1
9,8,1029,5,33,80,1,1,1
9,3,1092,226,170,148,1,1,1
9,12,482,611,110,291,1,1,1
9,6,785,53,55,91,1,1,1
9,2,709,263,236,311,1,1,1
10,6,790,48,43,89,1,1,1
10,9,1119,0,26,76,1,1,1
10,5,716,2,81,64,1,1,1
10,8,1029,3,35,73,1,1,1
10,12,490,581,126,275,1,1,1
10,4,802,160,136,120,1,1,1
10,11,119,205,373,136,1,1,1
10,2,709,246,231,308,1,1,1
10,1,184,405,316,311,1,1,1
10,10,1209,10,98,86,1,1,1
10,3,1092,211,160,149,1,1,1
10,7,866,0,28,70,1,1,1
11,8,1020,5,44,70,1,1,1
11,11,124,206,375,131,1,1,1
11,2,712,240,231,293,1,1,1
11,1,192,401,316,305,1,1,1
11,4,797,151,146,126,1,1,1
11,6,790,48,45,89,1,1,1
11,5,714,1,85,61,1,1,1
11,12,514,565,101,271,1,1,1
11,3,1089,208,158,148,1,1,1
11,7,864,0,36,68,1,1,1
11,9,1105,3,48,69,1,1,1
11,10,1205,8,98,89,1,1,1
12,10,1205,5,90,88,1,1,1
12,7,866,-3,30,65,1,1,1
12,12,535,535,93,250,1,1,1
12,4,804,138,140,128,1,1,1
12,9,1111,-3,33,71,1,1,1
12,3,1084,193,158,150,1,1,1
12,11,132,205,371,130,1,1,1
12,6,795,41,45,91,1,1,1
12,8,1029,0,33,71,1,1,1
12,1,197,396,311,296,1,1,1
12,2,722,228,218,286,1,1,1
12,5,716,1,83,61,1,1,1
13,2,725,210,210,285,1,1,1
13,8,1022,2,36,66,1,1,1
13,12,549,500,103,248,1,1,1
13,4,799,135,143,121,1,1,1
13,11,147,201,366,133,1,1,1
13,9,1112,1,35,66,1,1,1
13,1,212,385,298,300,1,1,1
13,10,1197,0,100,86,1,1,1
13,5,717,-3,86,65,1,1,1
13,6,800,38,36,88,1,1,1
13,3,1085,188,151,135,1,1,1
13,7,867,-3,26,63,1,1,1
14,4,800,126,141,110,1,1,1
14,1,214,378,298,298,1,1,1
14,7,861,1,40,56,1,1,1
14,3,1084,181,151,131,1,1,1
14,6,799,35,43,83,1,1,1
14,8,1022,1,34,70,1,1,1
14,12,550,486,101,246,1,1,1
14,2,727,206,208,268,1,1,1
14,9,1107,1,38,60,1,1,1
14,11,149,201,370,128,1,1,1
14,5,717,2,91,54,1,1,1
14,10,1196,2,98,83,1,1,1
15,11,159,203,373,126,1,1,1
15,2,732,195,201,266,1,1,1
15,5,722,0,85,54,1,1,1
15,10,1191,0,93,80,1,1,1
15,4,805,123,128,118,1,1,1
15,7,867,0,30,58,1,1,1
15,3,1084,166,143,143,1,1,1
15,6,807,30,35,88,1,1,1
15,8,1024,1,31,65,1,1,1
15,12,567,463,100,241,1,1,1
15,1,227,375,286,296,1,1,1
15,9,1106,1,35,60,1,1,1
16,9,1106,0,35,56,1,1,1
16,1,232,370,283,285,1,1,1
16,3,1080,161,141,131,1,1,1
16,10,1187,1,95,71,1,1,1
16,6,804,23,45,86,1,1,1
16,5,722,0,88,54,1,1,1
16,2,735,183,195,255,1,1,1
16,7,866,1,33,50,1,1,1
16,12,584,441,90,221,1,1,1
16,11,170,200,363,128,1,1,1
16,4,809,115,138,113,1,1,1
16,8,1017,2,39,59,1,1,1
17,7,867,0,31,51,1,1,1
17,12,594,415,95,218,1,1,1
17,2,744,173,193,248,1,1,1
17,11,180,205,356,126,1,1,1
17,4,804,106,133,111,1,1,1
17,8,1016,0,41,59,1,1,1
17,1,239,365,276,280,1,1,1
17,9,1099,-8,40,60,1,1,1
17,3,1080,151,135,128,1,1,1
17,6,804,23,46,83,1,1,1
17,5,727,0,80,53,1,1,1
17,10,1182,2,93,68,1,1,1
18,5,729,0,81,49,1,1,1
18,10,1182,1,96,66,1,1,1
18,4,807,106,130,105,1,1,1
18,1,245,360,268,283,1,1,1
18,7,866,1,30,41,1,1,1
18,3,1077,143,136,123,1,1,1
18,6,809,16,41,83,1,1,1
18,8,1026,-3,23,58,1,1,1
18,12,602,406,85,210,1,1,1
18,9,1106,1,35,48,1,1,1
18,11,189,203,355,140,1,1,1
18,2,749,166,180,243,1,1,1
19,9,1099,0,38,44,1,1,1
19,12,612,385,103,211,1,1,1
19,1,252,353,265,285,1,1,1
19,10,1182,0,90,59,1,1,1
19,5,732,2,80,43,1,1,1
19,11,190,201,360,129,1,1,1
19,2,752,160,180,238,1,1,1
19,7,866,0,33,43,1,1,1
19,4,809,95,126,111,1,1,1
19,8,1022,1,31,53,1,1,1
19,3,1075,141,135,119,1,1,1
19,6,810,13,38,81,1,1,1
20,3,1077,133,128,120,1,1,1
20,8,1017,-3,41,56,1,1,1
20,1,257,348,255,278,1,1,1
20,6,814,11,41,81,1,1,1
20,9,1099,0,38,44,1,1,1
20,12,625,371,90,203,1,1,1
20,2,755,148,176,228,1,1,1
20,5,734,0,80,44,1,1,1
20,10,1179,0,95,61,1,1,1
20,4,817,95,125,95,1,1,1
20,11,204,200,353,133,1,1,1
20,7,864,0,35,38,1,1,1
20,13,1282,966,451,113,1,1,1
21,2,755,143,173,223,1,1,1
21,5,734,-3,80,48,1,1,1
21,12,632,356,83,201,1,1,1
21,10,1177,1,85,55,1,1,1
21,13,1262,907,465,170,1,1,1
21,4,817,90,115,95,1,1,1
21,7,867,0,31,38,1,1,1
21,11,214,203,348,130,1,1,1
21,1,260,345,251,278,1,1,1
21,8,1017,0,33,49,1,1,1
21,6,812,10,43,83,1,1,1
21,3,1074,125,130,123,1,1,1
21,9,1096,1,41,41,1,1,1
22,12,630,343,98,196,1,1,1
22,7,872,-5,25,43,1,1,1
22,13,1247,832,450,245,1,1,1
22,11,224,201,353,121,1,1,1
22,2,760,133,168,223,1,1,1
22,8,1017,2,33,41,1,1,1
22,1,267,336,248,273,1,1,1
22,4,819,83,118,93,1,1,1
22,9,1097,0,33,39,1,1,1
22,5,729,-3,88,48,1,1,1
22,6,822,8,36,73,1,1,1
22,3,1075,118,126,116,1,1,1
22,10,1172,-3,91,55,1,1,1
23,3,1070,115,128,116,1,1,1
23,1,265,338,238,275,1,1,1
23,9,1092,1,38,38,1,1,1
23,6,814,8,48,71,1,1,1
23,12,644,333,83,186,1,1,1
23,5,734,1,78,40,1,1,1
23,10,1176,0,83,53,1,1,1
23,2,762,128,166,220,1,1,1
23,11,220,201,356,123,1,1,1
23,7,866,0,35,36,1,1,1
23,13,1239,791,435,290,1,1,1
23,4,819,80,118,95,1,1,1
23,8,1021,1,30,43,1,1,1
24,1,274,336,236,261,1,1,1
24,5,737,-5,78,48,1,1,1
24,10,1176,0,81,46,1,1,1
24,2,764,125,163,211,1,1,1
24,7,871,0,28,29,1,1,1
24,13,1211,731,420,346,1,1,1
24,11,235,198,346,126,1,1,1
24,4,819,73,115,91,1,1,1
24,8,1016,0,33,41,1,1,1
24,12,654,315,80,190,1,1,1
24,3,1070,108,118,114,1,1,1
24,9,1092,1,33,35,1,1,1
24,6,824,0,40,88,1,1,1
25,12,662,301,83,183,1,1,1
25,5,734,1,86,41,1,1,1
25,4,822,66,115,91,1,1,1
25,8,1024,0,21,36,1,1,1
25,1,272,326,228,263,1,1,1
25,6,822,1,40,75,1,1,1
25,9,1094,2,31,26,1,1,1
25,3,1070,103,118,108,1,1,1
25,13,1207,681,373,335,1,1,1
25,7,872,1,26,33,1,1,1
25,10,1171,0,78,44,1,1,1
25,11,245,200,343,123,1,1,1
25,2,765,115,163,201,1,1,1
26,8,1021,0,26,36,1,1,1
26,2,765,106,163,201,1,1,1
26,11,255,201,336,119,1,1,1
26,6,827,0,38,73,1,1,1
26,9,1091,1,31,26,1,1,1
26,7,876,1,28,25,1,1,1
26,4,819,60,116,86,1,1,1
26,12,669,291,75,175,1,1,1
26,10,1167,0,86,38,1,1,1
26,5,739,2,83,33,1,1,1
26,13,1190,621,350,311,1,1,1
26,1,270,323,226,258,1,1,1
26,3,1070,95,113,105,1,1,1
26,14,1826,869,90,208,1,1,1
27,5,741,1,81,36,1,1,1
27,10,1162,1,83,36,1,1,1
27,14,1791,811,126,268,1,1,1
27,2,772,105,156,200,1,1,1
27,13,1189,596,338,321,1,1,1
27,7,872,1,25,25,1,1,1
27,11,260,195,336,131,1,1,1
27,4,819,63,118,83,1,1,1
27,8,1021,-5,26,40,1,1,1
27,12,675,280,76,168,1,1,1
27,6,826,1,45,71,1,1,1
27,9,1092,1,30,26,1,1,1
27,1,265,320,236,255,1,1,1
27,3,1065,93,116,104,1,1,1
28,8,1021,1,30,33,1,1,1
28,2,770,98,155,198,1,1,1
28,9,1092,4,31,23,1,1,1
28,5,739,1,81,26,1,1,1
28,11,267,195,336,120,1,1,1
28,4,822,56,108,81,1,1,1
28,14,1744,744,173,333,1,1,1
28,10,1164,1,78,36,1,1,1
28,6,831,0,41,76,1,1,1
28,13,1170,558,326,290,1,1,1
28,3,1065,86,111,105,1,1,1
28,7,872,0,28,24,1,1,1
28,1,257,325,245,250,1,1,1
28,12,682,268,73,166,1,1,1
29,13,1169,536,308,283,1,1,1
29,7,872,1,31,18,1,1,1
29,10,1157,1,90,35,1,1,1
29,3,1059,81,121,100,1,1,1
29,2,772,93,151,193,1,1,1
29,5,747,0,68,33,1,1,1
29,11,270,198,338,118,1,1,1
29,4,819,53,115,86,1,1,1
29,8,1022,2,26,26,1,1,1
29,12,690,260,68,175,1,1,1
29,14,1717,717,198,361,1,1,1
29,1,264,315,231,260,1,1,1
29,6,827,1,40,66,1,1,1
29,9,1092,0,25,26,1,1,1
30,8,1024,0,18,26,1,1,1
30,2,779,86,145,188,1,1,1
30,11,279,195,333,115,1,1,1
30,6,832,1,33,60,1,1,1
30,9,1091,0,23,21,1,1,1
30,4,822,50,105,81,1,1,1
30,5,744,1,78,31,1,1,1
30,10,1162,1,75,26,1,1,1
30,1,257,313,241,251,1,1,1
30,13,1159,501,301,261,1,1,1
30,7,876,2,30,16,1,1,1
30,12,697,253,63,161,1,1,1
30,3,1059,71,121,106,1,1,1
30,14,1672,656,243,335,1,1,1
31,2,775,81,146,190,1,1,1
31,5,746,0,78,28,1,1,1
31,13,1154,483,288,240,1,1,1
31,10,1166,1,68,25,1,1,1
31,14,1656,632,258,320,1,1,1
31,4,822,45,103,81,1,1,1
31,8,1022,0,26,24,1,1,1
31,11,284,196,333,116,1,1,1
31,12,694,246,71,154,1,1,1
31,9,1089,1,28,16,1,1,1
31,6,837,-3,38,61,1,1,1
31,3,1065,75,108,98,1,1,1
31,7,881,0,20,16,1,1,1
31,1,255,313,238,250,1,1,1
32,13,1144,450,281,231,1,1,1
32,3,1064,66,105,98,1,1,1
32,10,1161,0,71,23,1,1,1
32,1,244,306,248,250,1,1,1
32,12,702,235,68,148,1,1,1
32,6,839,-3,28,53,1,1,1
32,14,1612,582,301,311,1,1,1
32,2,779,76,145,183,1,1,1
32,5,747,-3,73,33,1,1,1
32,11,294,198,325,116,1,1,1
32,4,825,40,106,83,1,1,1
32,8,1017,0,23,21,1,1,1
33,4,827,35,100,83,1,1,1
33,11,307,203,321,108,1,1,1
33,5,747,-3,76,28,1,1,1
33,13,1140,426,256,223,1,1,1
33,14,1581,542,340,278,1,1,1
33,3,1060,65,105,95,1,1,1
33,8,1017,1,29,21,1,1,1
33,1,250,298,241,260,1,1,1
33,2,779,70,146,183,1,1,1
33,12,704,218,75,150,1,1,1
33,10,1161,-5,66,25,1,1,1
34,4,825,28,103,79,1,1,1
34,12,719,208,58,155,1,1,1
34,5,749,0,76,23,1,1,1
34,3,1060,58,103,94,1,1,1
34,1,229,293,258,266,1,1,1
34,6,844,1,33,40,1,1,1
34,2,785,66,138,171,1,1,1
34,14,1549,480,346,265,1,1,1
34,10,1157,-3,66,20,1,1,1
34,13,1125,401,253,203,1,1,1
34,11,322,198,305,123,1,1,1
34,15,499,904,181,174,1,1,1
35,5,751,0,75,19,1,1,1
35,1,234,298,251,258,1,1,1
35,13,1122,365,243,228,1,1,1
35,15,522,836,178,241,1,1,1
35,12,715,201,66,149,1,1,1
35,4,827,23,100,78,1,1,1
35,16,1506,944,191,133,1,1,1
35,3,1057,48,105,93,1,1,1
35,11,329,191,303,131,1,1,1
35,2,782,61,138,170,1,1,1
35,14,1522,460,321,250,1,1,1
36,5,756,-5,70,21,1,1,1
36,6,846,-7,33,61,1,1,1
36,1,232,296,251,243,1,1,1
36,15,547,776,173,300,1,1,1
36,13,1117,346,231,201,1,1,1
36,3,1059,48,96,88,1,1,1
36,16,1467,852,176,226,1,1,1
36,11,334,196,301,121,1,1,1
36,2,789,55,136,165,1,1,1
36,4,826,24,98,79,1,1,1
36,14,1490,428,311,228,1,1,1
36,12,722,188,68,155,1,1,1
37,12,725,181,68,141,1,1,1
37,13,1110,328,226,188,1,1,1
37,4,824,22,96,73,1,1,1
37,11,350,193,285,125,1,1,1
37,15,587,716,138,345,1,1,1
37,6,851,-3,31,41,1,1,1
37,3,1057,43,95,86,1,1,1
37,14,1472,396,288,218,1,1,1
37,16,1426,777,165,300,1,1,1
37,2,787,50,135,165,1,1,1
37,1,215,291,263,260,1,1,1
38,14,1455,371,271,213,1,1,1
38,15,600,671,145,321,1,1,1
38,12,732,175,65,133,1,1,1
38,4,832,19,80,65,1,1,1
38,13,1100,303,220,188,1,1,1
38,16,1392,696,151,336,1,1,1
38,6,851,-3,30,33,1,1,1
38,3,1052,38,96,84,1,1,1
38,11,357,195,286,125,1,1,1
38,2,784,43,136,161,1,1,1
38,1,214,290,254,245,1,1,1
39,3,1052,35,95,83,1,1,1
39,1,199,280,270,251,1,1,1
39,13,1104,285,206,176,1,1,1
39,16,1372,641,130,310,1,1,1
39,12,737,168,60,133,1,1,1
39,14,1432,343,261,205,1,1,1
39,4,829,16,86,66,1,1,1
39,2,789,38,131,154,1,1,1
39,11,370,190,280,121,1,1,1
39,15,624,631,135,293,1,1,1
39,6,854,-5,28,31,1,1,1
40,1,182,281,285,243,1,1,1
40,3,1045,25,96,86,1,1,1
40,4,829,11,88,65,1,1,1
40,16,1319,570,138,276,1,1,1
40,14,1409,310,241,200,1,1,1
40,11,382,185,270,131,1,1,1
40,2,794,33,125,153,1,1,1
40,13,1094,260,196,165,1,1,1
40,15,652,565,121,286,1,1,1
40,12,745,148,55,143,1,1,1
41,13,1095,248,188,160,1,1,1
41,11,389,178,268,135,1,1,1
41,4,822,7,95,63,1,1,1
41,16,1322,528,111,255,1,1,1
41,3,1047,25,91,85,1,1,1
41,12,747,150,61,125,1,1,1
41,2,797,30,123,148,1,1,1
41,15,670,538,113,261,1,1,1
41,14,1395,298,228,175,1,1,1
41,1,170,278,295,251,1,1,1
42,15,687,520,101,265,1,1,1
42,11,392,186,261,128,1,1,1
42,14,1384,285,230,170,1,1,1
42,13,1097,240,178,156,1,1,1
42,1,160,275,301,241,1,1,1
42,12,749,145,53,121,1,1,1
42,3,1044,21,100,83,1,1,1
42,4,822,4,95,73,1,1,1
42,2,799,30,120,150,1,1,1
42,16,1307,496,111,265,1,1,1
43,17,1866,879,50,199,1,1,1
43,16,1287,473,110,235,1,1,1
43,14,1369,260,221,175,1,1,1
43,2,800,16,115,151,1,1,1
43,13,1085,225,181,150,1,1,1
43,12,754,136,51,121,1,1,1
43,11,404,176,253,134,1,1,1
43,15,685,486,120,243,1,1,1
43,4,824,2,91,66,1,1,1
43,1,144,271,313,246,1,1,1
43,3,1047,15,91,85,1,1,1
44,13,1085,211,171,153,1,1,1
44,15,700,468,106,241,1,1,1
44,16,1270,455,111,250,1,1,1
44,17,1834,837,83,236,1,1,1
44,1,149,265,305,245,1,1,1
44,3,1047,16,88,76,1,1,1
44,12,754,136,50,118,1,1,1
44,4,824,1,85,65,1,1,1
44,14,1364,255,218,170,1,1,1
44,11,404,176,255,131,1,1,1
44,2,800,20,118,143,1,1,1
45,3,1047,13,88,76,1,1,1
45,17,1777,749,140,329,1,1,1
45,12,757,133,53,108,1,1,1
45,14,1350,241,208,159,1,1,1
45,1,122,270,328,243,1,1,1
45,11,402,175,258,135,1,1,1
45,16,1265,416,96,228,1,1,1
45,2,800,15,115,143,1,1,1
45,4,824,-3,90,60,1,1,1
45,15,704,445,108,231,1,1,1
45,13,1080,203,173,145,1,1,1
46,11,417,180,240,128,1,1,1
46,2,800,16,116,138,1,1,1
46,16,1262,406,96,221,1,1,1
46,13,1075,195,168,141,1,1,1
46,4,824,0,93,61,1,1,1
46,1,124,268,321,236,1,1,1
46,14,1342,230,205,163,1,1,1
46,3,1045,10,88,80,1,1,1
46,17,1756,717,160,361,1,1,1
46,12,754,118,65,123,1,1,1
46,15,719,426,103,233,1,1,1
47,17,1711,649,203,336,1,1,1
47,13,1075,186,165,141,1,1,1
47,2,800,10,115,145,1,1,1
47,11,429,180,230,121,1,1,1
47,14,1332,218,200,150,1,1,1
47,16,1255,381,73,200,1,1,1
47,12,762,115,53,120,1,1,1
47,1,119,265,308,225,1,1,1
47,3,1042,8,88,78,1,1,1
47,15,729,413,106,218,1,1,1
47,4,831,0,83,59,1,1,1
48,13,1074,175,163,131,1,1,1
48,14,1320,205,196,153,1,1,1
48,18,1164,919,436,159,1,1,1
48,11,434,180,228,121,1,1,1
48,16,1222,356,103,193,1,1,1
48,4,829,0,85,46,1,1,1
48,2,805,-5,106,146,1,1,1
48,1,77,263,350,230,1,1,1
48,17,1671,589,246,330,1,1,1
48,15,740,378,100,223,1,1,1
48,3,1042,6,90,76,1,1,1
48,12,765,111,48,111,1,1,1
49,3,1039,-1,91,74,1,1,1
49,1,75,265,346,230,1,1,1
49,2,802,3,111,138,1,1,1
49,13,1054,165,173,133,1,1,1
49,15,757,376,83,210,1,1,1
49,4,837,-5,83,51,1,1,1
49,12,765,103,45,114,1,1,1
49,16,1224,341,101,195,1,1,1
49,17,1646,566,271,325,1,1,1
49,14,1317,200,185,140,1,1,1
49,11,439,180,220,118,1,1,1
49,18,1161,876,430,201,1,1,1
50,16,1225,313,70,186,1,1,1
50,14,1304,188,188,131,1,1,1
50,3,1037,0,90,75,1,1,1
50,17,1621,527,300,301,1,1,1
50,13,1070,160,148,128,1,1,1
50,2,805,3,108,131,1,1,1
50,18,1142,789,420,291,1,1,1
50,15,757,350,93,213,1,1,1
50,12,764,105,61,110,1,1,1
50,11,452,173,208,130,1,1,1
50,1,62,280,358,218,1,1,1
51,15,762,328,90,201,1,1,1
51,11,460,168,200,135,1,1,1
51,3,1034,2,93,66,1,1,1
51,1,54,268,345,220,1,1,1
51,12,765,100,56,105,1,1,1
51,2,801,1,111,123,1,1,1
51,14,1299,173,170,135,1,1,1
51,16,1202,300,85,176,1,1,1
51,18,1135,726,385,346,1,1,1
51,13,1070,150,140,120,1,1,1
51,17,1581,486,341,275,1,1,1
52,12,775,86,38,110,1,1,1
52,14,1285,166,170,118,1,1,1
52,16,1200,268,78,191,1,1,1
52,1,37,266,356,221,1,1,1
52,13,1070,140,136,116,1,1,1
52,18,1127,671,353,323,1,1,1
52,2,799,0,116,128,1,1,1
52,15,777,316,86,176,1,1,1
52,11,467,166,196,128,1,1,1
52,3,1037,0,90,63,1,1,1
52,17,1547,456,330,253,1,1,1
53,17,1532,421,301,241,1,1,1
53,14,1275,150,170,125,1,1,1
53,1,27,268,365,215,1,1,1
53,2,799,1,110,119,1,1,1
53,3,1039,1,78,60,1,1,1
53,18,1119,613,333,301,1,1,1
53,11,470,166,193,124,1,1,1
53,13,1062,133,141,115,1,1,1
53,16,1190,261,76,165,1,1,1
53,12,774,86,45,106,1,1,1
53,15,795,296,66,185,1,1,1
54,16,1185,243,78,163,1,1,1
54,18,1110,570,321,276,1,1,1
54,1,20,253,346,228,1,1,1
54,11,475,160,188,130,1,1,1
54,17,1502,385,293,235,1,1,1
54,13,1059,125,138,111,1,1,1
54,2,804,-3,108,121,1,1,1
54,12,774,83,50,101,1,1,1
54,15,794,278,85,180,1,1,1
54,3,1034,2,83,54,1,1,1
54,14,1270,136,160,119,1,1,1
55,16,1180,228,71,155,1,1,1
55,13,1052,116,141,108,1,1,1
55,2,804,1,105,108,1,1,1
55,12,777,78,46,98,1,1,1
55,11,484,163,180,128,1,1,1
55,18,1100,525,303,260,1,1,1
55,3,1039,2,78,49,1,1,1
55,14,1264,130,156,121,1,1,1
55,17,1487,360,268,220,1,1,1
55,15,799,265,80,188,1,1,1
55,1,12,268,361,208,1,1,1
56,11,494,156,173,128,1,1,1
56,15,809,255,73,166,1,1,1
56,16,1167,208,76,151,1,1,1
56,14,1257,130,148,110,1,1,1
56,2,807,-5,101,111,1,1,1
56,1,6,237,356,223,1,1,1
56,17,1464,331,265,218,1,1,1
56,18,1094,493,281,245,1,1,1
56,3,1032,0,80,53,1,1,1
56,12,782,71,36,103,1,1,1
56,13,1057,110,128,106,1,1,1
57,15,814,248,73,155,1,1,1
57,17,1449,315,246,193,1,1,1
57,2,804,-3,106,104,1,1,1
57,13,1055,95,130,111,1,1,1
57,14,1247,116,146,113,1,1,1
57,3,1027,0,93,49,1,1,1
57,16,1164,203,75,140,1,1,1
57,12,775,66,56,98,1,1,1
57,11,494,156,175,126,1,1,1
57,18,1104,455,258,228,1,1,1
57,1,0,224,355,236,1,1,1
58,17,1430,296,238,190,1,1,1
58,1,-2,226,343,233,1,1,1
58,15,814,233,80,151,1,1,1
58,13,1055,95,120,103,1,1,1
58,14,1245,110,140,98,1,1,1
58,2,799,-3,108,106,1,1,1
58,16,1154,183,75,140,1,1,1
58,18,1090,430,251,213,1,1,1
58,3,1029,-5,85,48,1,1,1
58,11,497,156,171,118,1,1,1
58,12,782,65,43,93,1,1,1
58,19,1556,867,173,210,1,1,1
59,14,1234,98,145,111,1,1,1
59,19,1506,776,170,301,1,1,1
59,16,1150,176,66,129,1,1,1
59,11,507,151,161,121,1,1,1
59,1,0,222,331,236,1,1,1
59,18,1102,395,215,211,1,1,1
59,21,1814,806,106,273,1,1,1
59,17,1424,281,215,176,1,1,1
59,2,807,1,103,91,1,1,1
59,15,817,216,76,156,1,1,1
59,13,1050,85,120,98,1,1,1
59,3,1032,-3,80,45,1,1,1
59,12,789,56,33,96,1,1,1
60,11,510,155,158,116,1,1,1
60,14,1232,90,138,105,1,1,1
60,3,1036,-2,71,51,1,1,1
60,20,471,936,196,143,1,1,1
60,21,1757,742,163,336,1,1,1
60,17,1394,255,225,176,1,1,1
60,19,1469,698,140,341,1,1,1
60,1,-2,222,323,231,1,1,1
60,16,1152,165,56,131,1,1,1
60,13,1049,76,116,100,1,1,1
60,15,824,210,70,145,1,1,1
60,2,809,-3,100,91,1,1,1
60,12,782,55,43,93,1,1,1
60,18,1087,365,223,201,1,1,1
61,17,1384,240,218,166,1,1,1
61,13,1049,71,113,96,1,1,1
61,19,1435,626,148,328,1,1,1
61,11,514,150,161,116,1,1,1
61,14,1225,85,135,106,1,1,1
61,1,0,216,306,238,1,1,1
61,16,1142,160,61,128,1,1,1
61,21,1716,679,201,353,1,1,1
61,18,1077,346,221,186,1,1,1
61,2,812,-3,98,88,1,1,1
61,3,1034,0,71,34,1,1,1
61,12,785,55,46,85,1,1,1
61,20,514,851,178,228,1,1,1
61,15,835,190,60,153,1,1,1
62,1,-2,217,295,233,1,1,1
62,21,1676,634,241,325,1,1,1
62,17,1372,215,205,166,1,1,1
62,15,835,181,65,149,1,1,1
62,19,1414,575,125,290,1,1,1
62,2,809,0,98,83,1,1,1
62,16,1149,145,50,120,1,1,1
62,14,1214,73,138,103,1,1,1
62,3,1029,0,81,26,1,1,1
62,12,787,51,38,90,1,1,1
62,11,519,143,155,125,1,1,1
62,20,534,779,176,299,1,1,1
62,13,1049,68,108,89,1,1,1
62,18,1080,323,206,175,1,1,1
63,21,1601,546,320,276,1,1,1
63,16,1134,128,51,111,1,1,1
63,17,1347,195,191,156,1,1,1
63,18,1075,281,193,168,1,1,1
63,1,-5,219,275,221,1,1,1
63,20,600,665,125,315,1,1,1
63,11,525,143,151,120,1,1,1
63,15,839,170,61,136,1,1,1
63,2,811,2,96,69,1,1,1
63,13,1045,56,105,88,1,1,1
63,19,1364,493,108,248,1,1,1
63,3,1032,0,73,26,1,1,1
63,14,1205,60,128,95,1,1,1
63,12,785,40,46,88,1,1,1
64,18,1067,261,190,168,1,1,1
64,19,1330,413,103,236,1,1,1
64,21,1565,485,330,251,1,1,1
64,12,792,35,38,86,1,1,1
64,13,1034,48,111,88,1,1,1
64,2,816,1,96,68,1,1,1
64,17,1329,183,195,136,1,1,1
64,15,847,151,56,139,1,1,1
64,1,0,219,256,226,1,1,1
64,20,625,595,121,266,1,1,1
64,14,1205,48,115,93,1,1,1
64,11,532,141,156,110,1,1,1
64,3,1031,0,75,23,1,1,1
64,16,1115,118,68,99,1,1,1
65,12,792,28,40,91,1,1,1
65,14,1194,45,125,93,1,1,1
65,19,1324,386,86,221,1,1,1
65,1,0,217,241,218,1,1,1
65,17,1327,160,178,140,1,1,1
65,18,1060,243,183,151,1,1,1
65,16,1122,103,45,108,1,1,1
65,2,804,-3,103,70,1,1,1
65,21,1537,453,306,231,1,1,1
65,13,1034,45,106,81,1,1,1
65,20,650,563,118,248,1,1,1
65,3,1029,1,68,18,1,1,1
65,15,845,143,55,131,1,1,1
65,11,539,138,143,113,1,1,1
66,19,1312,365,95,230,1,1,1
66,11,540,133,148,116,1,1,1
66,2,816,0,93,61,1,1,1
66,18,1067,231,173,151,1,1,1
66,13,1037,41,101,80,1,1,1
66,14,1199,48,121,86,1,1,1
66,3,1029,-7,75,26,1,1,1
66,12,789,26,48,91,1,1,1
66,20,672,530,96,261,1,1,1
66,21,1522,440,311,216,1,1,1
66,15,845,141,55,128,1,1,1
66,16,1117,103,51,101,1,1,1
66,17,1315,156,175,133,1,1,1
66,1,1,214,239,220,1,1,1
67,12,797,30,33,80,1,1,1
67,19,1290,336,96,218,1,1,1
67,14,1192,33,118,96,1,1,1
67,16,1117,91,43,110,1,1,1
67,11,547,133,150,120,1,1,1
67,18,1064,220,171,141,1,1,1
67,1,0,207,226,233,1,1,1
67,20,692,493,73,253,1,1,1
67,17,1307,146,175,139,1,1,1
67,15,834,133,81,131,1,1,1
67,2,812,1,100,56,1,1,1
67,13,1034,43,101,73,1,1,1
67,21,1502,413,285,215,1,1,1
68,13,1035,35,98,83,1,1,1
68,17,1317,141,161,131,1,1,1
68,11,544,128,146,115,1,1,1
68,1,-2,209,220,230,1,1,1
68,16,1112,90,53,103,1,1,1
68,21,1494,391,275,208,1,1,1
68,12,795,28,38,76,1,1,1
68,2,816,1,90,55,1,1,1
68,19,1284,328,83,201,1,1,1
68,20,695,471,78,250,1,1,1
68,18,1062,215,168,140,1,1,1
68,15,839,131,71,121,1,1,1
68,14,1190,33,115,83,1,1,1
69,21,1462,365,261,185,1,1,1
69,11,552,126,145,113,1,1,1
69,12,790,16,50,85,1,1,1
69,14,1189,31,105,81,1,1,1
69,19,1264,288,88,190,1,1,1
69,20,700,430,95,220,1,1,1
69,18,1064,193,158,128,1,1,1
69,16,1109,78,41,96,1,1,1
69,17,1287,118,166,135,1,1,1
69,1,0,212,198,224,1,1,1
69,22,1804,917,111,158,1,1,1
69,13,1025,28,100,78,1,1,1
69,15,850,120,56,123,1,1,1
69,2,807,-7,101,58,1,1,1
70,19,1259,266,75,186,1,1,1
70,14,1180,23,110,81,1,1,1
70,20,712,396,86,225,1,1,1
70,2,822,1,86,50,1,1,1
70,13,1029,26,96,80,1,1,1
70,18,1062,181,151,124,1,1,1
70,17,1280,116,163,126,1,1,1
70,1,-2,207,193,236,1,1,1
70,12,790,8,46,86,1,1,1
70,11,550,123,150,108,1,1,1
70,21,1440,340,253,181,1,1,1
70,15,849,110,60,120,1,1,1
70,16,1105,70,45,98,1,1,1
70,22,1742,822,173,256,1,1,1
71,18,1054,173,150,123,1,1,1
71,13,1030,21,90,78,1,1,1
71,22,1704,751,211,328,1,1,1
71,11,559,120,143,115,1,1,1
71,15,852,100,48,126,1,1,1
71,17,1275,110,156,118,1,1,1
71,12,794,10,45,85,1,1,1
71,1,0,209,183,235,1,1,1
71,19,1257,248,60,175,1,1,1
71,14,1179,18,105,81,1,1,1
71,16,1102,66,43,96,1,1,1
71,2,824,-3,85,48,1,1,1
71,20,729,373,78,221,1,1,1
71,21,1429,323,238,178,1,1,1
72,11,564,121,138,110,1,1,1
72,2,826,-10,83,55,1,1,1
72,15,859,96,43,116,1,1,1
72,16,1094,65,53,88,1,1,1
72,14,1177,11,100,85,1,1,1
72,19,1240,223,68,170,1,1,1
72,20,744,353,58,210,1,1,1
72,22,1664,686,253,368,1,1,1
72,17,1279,111,138,108,1,1,1
72,18,1057,160,141,113,1,1,1
72,13,1024,16,98,76,1,1,1
72,21,1414,295,223,168,1,1,1
72,12,800,3,33,83,1,1,1
72,1,-2,207,166,226,1,1,1
73,14,1169,8,98,73,1,1,1
73,15,849,86,50,103,1,1,1
73,22,1574,557,343,313,1,1,1
73,16,1095,46,36,78,1,1,1
73,11,574,118,133,104,1,1,1
73,24,34,186,150,140,1,1,1
73,13,1022,6,90,71,1,1,1
73,18,1054,138,131,111,1,1,1
73,1,0,209,131,218,1,1,1
73,12,794,3,43,78,1,1,1
73,23,1222,902,443,175,1,1,1
73,21,1367,251,215,148,1,1,1
73,19,1224,196,60,148,1,1,1
73,2,826,-3,86,38,1,1,1
73,20,759,306,68,176,1,1,1
73,17,1265,88,128,99,1,1,1
74,22,1554,541,363,298,1,1,1
74,18,1055,131,125,111,1,1,1
74,19,1225,195,55,136,1,1,1
74,17,1250,78,138,109,1,1,1
74,16,1090,43,45,81,1,1,1
74,21,1370,243,203,146,1,1,1
74,2,811,-5,106,40,1,1,1
74,23,1212,859,421,219,1,1,1
74,20,745,296,90,171,1,1,1
74,11,574,111,138,105,1,1,1
74,1,0,207,125,231,1,1,1
74,14,1164,1,96,80,1,1,1
74,15,849,81,58,116,1,1,1
74,13,1022,5,95,76,1,1,1
74,24,27,182,168,144,1,1,1
74,12,799,2,41,79,1,1,1
75,1,-2,227,103,196,1,1,1
75,14,1167,0,91,75,1,1,1
75,16,1084,43,45,76,1,1,1
75,18,1047,118,133,114,1,1,1
75,20,755,273,83,175,1,1,1
75,22,1532,513,340,270,1,1,1
75,24,56,179,143,141,1,1,1
75,17,1252,71,128,106,1,1,1
75,19,1217,166,61,148,1,1,1
75,12,806,0,28,76,1,1,1
75,23,1204,779,406,299,1,1,1
75,11,580,110,133,106,1,1,1
75,21,1352,228,201,143,1,1,1
75,15,854,75,46,106,1,1,1
75,2,827,0,88,28,1,1,1
75,13,1029,-5,88,75,1,1,1
76,2,826,0,90,24,1,1,1
76,21,1350,206,186,148,1,1,1
76,11,585,105,133,110,1,1,1
76,22,1504,450,321,276,1,1,1
76,23,1192,700,366,366,1,1,1
76,20,772,263,63,160,1,1,1
76,13,1024,-7,90,76,1,1,1
76,1,0,234,106,191,1,1,1
76,18,1040,115,136,106,1,1,1
76,19,1212,151,56,146,1,1,1
76,17,1242,65,128,106,1,1,1
76,14,1162,1,93,65,1,1,1
76,24,56,184,153,135,1,1,1
76,15,847,75,56,98,1,1,1
76,16,1084,33,38,81,1,1,1
76,12,801,0,38,71,1,1,1
77,24,71,179,158,140,1,1,1
77,20,769,238,76,171,1,1,1
77,19,1204,148,58,130,1,1,1
77,12,804,0,30,59,1,1,1
77,11,585,100,135,110,1,1,1
77,18,1037,106,136,105,1,1,1
77,23,1179,648,341,335,1,1,1
77,13,1024,2,83,56,1,1,1
77,17,1237,56,128,103,1,1,1
77,22,1482,435,306,243,1,1,1
77,1,-2,227,93,204,1,1,1
77,16,1075,28,43,78,1,1,1
77,14,1157,0,86,66,1,1,1
77,21,1327,198,195,145,1,1,1
77,15,850,61,45,106,1,1,1
78,12,809,-5,28,65,1,1,1
78,18,1040,100,125,105,1,1,1
78,15,849,63,46,93,1,1,1
78,24,82,164,155,161,1,1,1
78,22,1449,393,288,228,1,1,1
78,20,782,226,61,156,1,1,1
78,13,1027,-7,80,63,1,1,1
78,21,1327,183,171,131,1,1,1
78,19,1204,126,55,130,1,1,1
78,11,597,101,130,103,1,1,1
78,14,1151,0,88,53,1,1,1
78,16,1080,23,33,68,1,1,1
78,17,1230,51,120,91,1,1,1
78,23,1154,570,321,291,1,1,1
79,24,89,157,156,161,1,1,1
79,18,1040,96,121,101,1,1,1
79,14,1147,1,91,51,1,1,1
79,19,1195,116,55,138,1,1,1
79,22,1437,378,278,223,1,1,1
79,16,1072,23,46,66,1,1,1
79,20,782,221,71,146,1,1,1
79,12,801,0,41,59,1,1,1
79,15,852,58,46,101,1,1,1
79,11,597,100,133,105,1,1,1
79,17,1227,46,121,91,1,1,1
79,21,1320,173,166,133,1,1,1
79,13,1024,-5,80,65,1,1,1
79,23,1154,548,298,280,1,1,1
80,15,845,60,51,91,1,1,1
80,16,1079,16,35,68,1,1,1
80,20,792,210,65,146,1,1,1
80,12,801,-3,48,61,1,1,1
80,19,1195,120,56,123,1,1,1
80,21,1314,171,168,128,1,1,1
80,18,1032,85,135,101,1,1,1
80,13,1026,-7,75,59,1,1,1
80,23,1154,521,288,275,1,1,1
80,17,1225,41,115,90,1,1,1
80,22,1429,363,271,210,1,1,1
80,14,1151,1,86,53,1,1,1
80,11,597,96,128,108,1,1,1
80,24,107,171,143,153,1,1,1
81,18,1034,81,126,98,1,1,1
81,15,849,43,45,98,1,1,1
81,12,806,-5,35,61,1,1,1
81,22,1412,336,265,210,1,1,1
81,11,604,93,126,101,1,1,1
81,21,1299,151,168,128,1,1,1
81,13,1022,-3,78,53,1,1,1
81,19,1189,105,58,128,1,1,1
81,20,794,203,66,140,1,1,1
81,24,109,166,148,151,1,1,1
81,14,1147,1,81,43,1,1,1
81,23,1140,475,275,255,1,1,1
81,16,1065,13,46,80,1,1,1
81,17,1220,38,123,91,1,1,1
82,11,607,90,130,103,1,1,1
82,15,849,45,43,91,1,1,1
82,13,1024,-3,81,50,1,1,1
82,20,797,191,56,149,1,1,1
82,14,1144,2,81,41,1,1,1
82,22,1404,313,246,200,1,1,1
82,23,1144,453,260,233,1,1,1
82,21,1292,145,160,123,1,1,1
82,18,1034,76,120,90,1,1,1
82,19,1202,91,40,121,1,1,1
82,12,809,0,35,56,1,1,1
82,17,1220,35,108,90,1,1,1
82,24,127,175,141,143,1,1,1
82,16,1075,13,31,70,1,1,1
83,18,1040,66,108,98,1,1,1
83,23,1130,413,246,226,1,1,1
83,24,140,168,138,146,1,1,1
83,12,806,-7,38,61,1,1,1
83,22,1380,301,238,186,1,1,1
83,17,1215,26,106,90,1,1,1
83,14,1141,0,86,39,1,1,1
83,15,839,45,55,91,1,1,1
83,16,1069,5,38,73,1,1,1
83,21,1289,136,156,118,1,1,1
83,13,1014,1,90,40,1,1,1
83,19,1184,90,55,110,1,1,1
83,20,804,178,55,138,1,1,1
83,11,610,90,126,98,1,1,1
84,24,140,180,151,136,1,1,1
84,14,1139,-7,83,41,1,1,1
84,19,1182,83,58,114,1,1,1
84,12,809,0,36,46,1,1,1
84,11,614,88,130,98,1,1,1
84,23,1120,385,235,206,1,1,1
84,15,844,28,48,106,1,1,1
84,16,1072,2,28,71,1,1,1
84,17,1210,30,100,76,1,1,1
84,18,1025,63,128,93,1,1,1
84,20,792,170,81,131,1,1,1
84,13,1012,0,88,46,1,1,1
84,21,1280,130,148,116,1,1,1
84,22,1372,281,226,178,1,1,1
85,20,805,156,58,126,1,1,1
85,17,1210,23,98,76,1,1,1
85,19,1177,75,56,113,1,1,1
85,12,812,-3,33,45,1,1,1
85,22,1359,256,221,186,1,1,1
85,15,844,33,50,96,1,1,1
85,13,1022,-5,74,38,1,1,1
85,18,1032,56,113,88,1,1,1
85,11,620,81,125,98,1,1,1
85,16,1067,1,33,70,1,1,1
85,21,1269,115,153,116,1,1,1
85,14,1137,-12,80,41,1,1,1
85,23,1115,356,226,196,1,1,1
85,24,159,173,133,140,1,1,1
86,15,842,25,53,96,1,1,1
86,17,1194,16,108,65,1,1,1
86,16,1066,2,30,68,1,1,1
86,19,1174,61,51,105,1,1,1
86,12,812,1,33,40,1,1,1
86,11,625,83,120,96,1,1,1
86,20,805,130,65,143,1,1,1
86,13,1021,0,76,34,1,1,1
86,23,1105,323,213,173,1,1,1
86,21,1252,100,156,113,1,1,1
86,14,1129,0,81,23,1,1,1
86,18,1037,51,101,85,1,1,1
86,24,177,163,123,146,1,1,1
86,25,1772,761,145,316,1,1,1
86,22,1342,236,208,164,1,1,1
87,20,815,133,55,141,1,1,1
87,25,1756,726,161,350,1,1,1
87,21,1262,113,136,91,1,1,1
87,16,1062,1,45,71,1,1,1
87,18,1027,46,111,83,1,1,1
87,19,1175,56,55,108,1,1,1
87,24,172,158,138,158,1,1,1
87,12,812,1,33,38,1,1,1
87,22,1324,238,218,151,1,1,1
87,23,1104,308,206,181,1,1,1
87,15,849,20,40,100,1,1,1
87,13,1017,1,74,26,1,1,1
87,11,629,81,120,90,1,1,1
87,17,1195,15,105,70,1,1,1
88,12,814,-3,33,45,1,1,1
88,11,630,85,116,88,1,1,1
88,24,184,168,133,136,1,1,1
88,21,1260,101,131,100,1,1,1
88,25,1729,691,186,338,1,1,1
88,23,1109,298,191,170,1,1,1
88,20,812,130,58,121,1,1,1
88,16,1062,0,33,61,1,1,1
88,22,1332,216,193,166,1,1,1
88,19,1169,61,53,98,1,1,1
88,18,1035,40,103,90,1,1,1
88,15,837,18,55,91,1,1,1
88,17,1189,8,108,79,1,1,1
89,25,1684,634,231,306,1,1,1
89,17,1185,5,101,73,1,1,1
89,11,635,75,115,96,1,1,1
89,21,1254,98,131,96,1,1,1
89,15,845,6,43,95,1,1,1
89,12,816,1,28,35,1,1,1
89,19,1170,45,55,101,1,1,1
89,18,1035,36,96,85,1,1,1
89,20,805,123,68,133,1,1,1
89,16,1062,0,33,56,1,1,1
89,13,1021,2,71,23,1,1,1
89,23,1099,280,185,163,1,1,1
89,24,187,163,133,145,1,1,1
89,22,1314,216,198,139,1,1,1
90,16,1061,-3,26,58,1,1,1
90,20,815,115,51,121,1,1,1
90,17,1185,5,103,76,1,1,1
90,19,1165,46,56,96,1,1,1
90,12,816,-5,35,41,1,1,1
90,24,195,168,136,146,1,1,1
90,18,1027,30,105,88,1,1,1
90,23,1104,265,190,170,1,1,1
90,13,1016,-3,78,30,1,1,1
90,15,852,18,36,86,1,1,1
90,22,1309,208,191,141,1,1,1
90,11,634,73,118,96,1,1,1
90,25,1667,609,250,313,1,1,1
90,21,1250,86,130,103,1,1,1
91,24,194,173,141,140,1,1,1
91,17,1180,3,101,73,1,1,1
91,25,1656,589,263,298,1,1,1
91,22,1312,198,178,145,1,1,1
91,20,819,116,53,120,1,1,1
91,16,1061,0,35,51,1,1,1
91,21,1245,81,133,105,1,1,1
91,12,824,2,25,33,1,1,1
91,23,1095,258,178,156,1,1,1
91,19,1174,43,46,93,1,1,1
91,18,1032,40,100,75,1,1,1
91,15,844,15,48,90,1,1,1
91,11,637,73,116,94,1,1,1
92,23,1094,250,181,153,1,1,1
92,20,819,115,48,113,1,1,1
92,18,1032,33,95,76,1,1,1
92,24,212,161,126,144,1,1,1
92,22,1309,191,176,143,1,1,1
92,16,1056,0,31,51,1,1,1
92,17,1185,1,95,73,1,1,1
92,12,822,-3,25,33,1,1,1
92,11,637,68,125,98,1,1,1
92,15,849,16,38,75,1,1,1
92,25,1637,557,283,300,1,1,1
92,21,1242,78,128,99,1,1,1
92,26,-2,926,161,156,1,1,1
92,19,1174,36,40,98,1,1,1
93,15,839,20,51,78,1,1,1
93,11,640,70,116,91,1,1,1
93,16,1054,0,38,46,1,1,1
93,22,1289,175,188,140,1,1,1
93,19,1169,26,40,105,1,1,1
93,17,1187,1,85,60,1,1,1
93,20,815,96,61,121,1,1,1
93,18,1032,20,91,83,1,1,1
93,25,1589,524,331,263,1,1,1
93,24,225,178,126,130,1,1,1
93,23,1089,228,178,156,1,1,1
93,21,1235,76,130,91,1,1,1
93,26,9,861,178,218,1,1,1
94,17,1184,1,90,56,1,1,1
94,15,850,8,36,83,1,1,1
94,22,1285,166,171,134,1,1,1
94,23,1072,208,183,146,1,1,1
94,11,645,66,111,96,1,1,1
94,21,1230,65,120,86,1,1,1
94,19,1165,31,45,88,1,1,1
94,20,824,98,50,109,1,1,1
94,25,1572,483,320,241,1,1,1
94,26,57,806,166,271,1,1,1
94,24,234,166,119,146,1,1,1
94,18,1025,21,98,80,1,1,1
95,21,1232,60,110,88,1,1,1
95,25,1544,446,300,228,1,1,1
95,26,102,773,145,296,1,1,1
95,17,1182,0,81,51,1,1,1
95,19,1169,23,41,91,1,1,1
95,23,1079,198,168,145,1,1,1
95,22,1290,156,155,129,1,1,1
95,15,842,5,43,86,1,1,1
95,18,1034,16,90,78,1,1,1
95,11,647,61,110,91,1,1,1
95,20,820,93,55,106,1,1,1
95,24,239,166,123,141,1,1,1
96,17,1172,1,81,43,1,1,1
96,26,170,685,138,290,1,1,1
96,11,655,58,110,91,1,1,1
96,21,1214,51,116,81,1,1,1
96,15,842,0,48,85,1,1,1
96,20,830,75,50,116,1,1,1
96,25,1490,383,280,206,1,1,1
96,24,255,150,131,156,1,1,1
96,22,1260,136,165,121,1,1,1
96,19,1157,11,46,88,1,1,1
96,23,1079,173,153,130,1,1,1
96,27,1807,889,110,189,1,1,1
96,18,1025,13,95,70,1,1,1
97,23,1079,158,143,123,1,1,1
97,17,1164,1,86,40,1,1,1
97,19,1150,8,50,81,1,1,1
97,26,205,646,128,276,1,1,1
97,21,1215,40,110,88,1,1,1
97,22,1259,126,150,120,1,1,1
97,27,1754,786,161,291,1,1,1
97,25,1482,363,255,195,1,1,1
97,18,1019,6,101,71,1,1,1
97,15,842,0,41,85,1,1,1
97,24,267,163,125,145,1,1,1
97,20,827,73,50,109,1,1,1
97,11,657,60,108,85,1,1,1
98,21,1210,38,101,84,1,1,1
98,11,659,56,105,85,1,1,1
98,27,1706,709,218,366,1,1,1
98,19,1155,11,38,75,1,1,1
98,26,247,616,120,265,1,1,1
98,22,1254,125,150,113,1,1,1
98,25,1450,333,253,185,1,1,1
98,15,844,0,43,76,1,1,1
98,18,1024,5,96,70,1,1,1
98,24,279,160,121,150,1,1,1
98,20,837,68,40,96,1,1,1
98,17,1164,0,80,38,1,1,1
98,23,1067,146,145,129,1,1,1
99,25,1420,300,223,168,1,1,1
99,23,1072,123,130,116,1,1,1
99,19,1146,0,38,73,1,1,1
99,24,290,160,126,146,1,1,1
99,27,1632,596,288,363,1,1,1
99,21,1200,25,103,86,1,1,1
99,15,849,1,35,61,1,1,1
99,20,839,50,41,101,1,1,1
99,26,285,541,116,258,1,1,1
99,17,1159,1,81,21,1,1,1
99,11,665,51,100,86,1,1,1
99,22,1240,93,143,119,1,1,1
99,18,1021,0,93,59,1,1,1
100,20,835,51,48,98,1,1,1
100,22,1240,96,133,115,1,1,1
100,19,1147,0,33,71,1,1,1
100,24,300,161,118,143,1,1,1
100,11,665,50,100,88,1,1,1
100,17,1157,-3,83,26,1,1,1
100,21,1192,23,113,79,1,1,1
100,26,302,540,108,243,1,1,1
100,15,837,2,43,63,1,1,1
100,27,1604,562,318,361,1,1,1
100,25,1414,290,218,166,1,1,1
100,23,1074,121,126,118,1,1,1
100,18,1024,1,88,60,1,1,1
101,26,349,476,105,225,1,1,1
101,19,1142,-5,41,58,1,1,1
101,23,1064,96,120,108,1,1,1
101,15,841,-3,41,55,1,1,1
101,11,670,43,98,86,1,1,1
101,22,1224,71,131,116,1,1,1
101,28,1151,984,486,94,1,1,1
101,24,324,160,115,143,1,1,1
101,25,1384,240,195,156,1,1,1
101,27,1532,468,340,286,1,1,1
101,20,840,40,41,88,1,1,1
101,21,1184,16,103,78,1,1,1
101,18,1026,0,78,49,1,1,1
102,20,830,35,61,91,1,1,1
102,22,1220,68,133,109,1,1,1
102,26,375,446,91,225,1,1,1
102,24,317,158,128,141,1,1,1
102,21,1182,10,100,81,1,1,1
102,23,1064,91,116,98,1,1,1
102,25,1362,220,201,158,1,1,1
102,15,846,1,33,48,1,1,1
102,18,1027,-3,71,55,1,1,1
102,27,1495,420,338,293,1,1,1
102,11,670,40,100,85,1,1,1
102,28,1132,877,476,203,1,1,1
102,19,1142,-3,35,60,1,1,1
103,15,846,0,36,51,1,1,1
103,26,387,430,100,233,1,1,1
103,11,675,36,96,91,1,1,1
103,24,334,151,123,154,1,1,1
103,22,1217,65,125,100,1,1,1
103,18,1022,-3,76,50,1,1,1
103,27,1479,393,313,276,1,1,1
103,20,844,35,41,85,1,1,1
103,25,1354,208,185,145,1,1,1
103,19,1139,-3,36,53,1,1,1
103,23,1062,80,115,105,1,1,1
103,21,1179,8,95,78,1,1,1
103,28,1131,807,453,271,1,1,1
104,21,1156,1,78,45,1,1,1
104,22,1175,18,116,91,1,1,1
104,11,689,26,90,71,1,1,1
104,28,1095,440,260,233,1,1,1
104,20,850,5,45,76,1,1,1
104,24,392,160,113,131,1,1,1
104,27,1360,231,210,183,1,1,1
104,26,492,306,81,173,1,1,1
104,25,1285,125,146,105,1,1,1
104,23,1040,30,113,98,1,1,1
105,26,517,290,68,163,1,1,1
105,28,1077,400,258,223,1,1,1
105,23,1024,25,123,75,1,1,1
105,25,1270,113,143,101,1,1,1
105,21,1156,-7,78,48,1,1,1
105,27,1337,215,208,180,1,1,1
105,11,689,15,90,83,1,1,1
105,20,856,-5,41,76,1,1,1
105,22,1180,16,98,85,1,1,1
105,24,402,163,111,120,1,1,1
105,29,1777,874,150,204,1,1,1
106,23,1040,26,95,75,1,1,1
106,20,851,-3,46,76,1,1,1
106,24,407,160,110,130,1,1,1
106,26,517,283,76,170,1,1,1
106,28,1077,380,253,228,1,1,1
106,11,690,20,90,78,1,1,1
106,21,1149,1,88,36,1,1,1
106,25,1269,110,140,101,1,1,1
106,29,1759,849,158,228,1,1,1
106,27,1332,210,201,171,1,1,1
106,22,1189,6,85,78,1,1,1
107,21,1142,-5,78,31,1,1,1
107,11,695,13,86,81,1,1,1
107,27,1310,175,181,155,1,1,1
107,29,1647,671,268,345,1,1,1
107,22,1165,6,98,75,1,1,1
107,24,419,155,100,133,1,1,1
107,26,534,256,85,163,1,1,1
107,28,1065,321,231,198,1,1,1
107,20,849,0,50,59,1,1,1
107,25,1249,90,133,98,1,1,1
107,23,1034,11,95,73,1,1,1
108,22,1164,1,90,70,1,1,1
108,24,434,150,96,133,1,1,1
108,26,549,230,80,165,1,1,1
108,29,1586,591,336,325,1,1,1
108,23,1042,5,93,71,1,1,1
108,28,1064,288,213,196,1,1,1
108,20,854,-5,46,65,1,1,1
108,27,1294,155,176,150,1,1,1
108,25,1245,75,121,103,1,1,1
108,21,1139,-3,81,26,1,1,1
108,11,702,10,86,80,1,1,1
109,23,1041,1,85,71,1,1,1
109,25,1232,70,133,91,1,1,1
109,29,1557,545,348,306,1,1,1
109,24,430,155,106,126,1,1,1
109,26,569,233,66,153,1,1,1
109,11,704,8,86,78,1,1,1
109,20,859,1,36,53,1,1,1
109,27,1284,141,175,146,1,1,1
109,28,1050,275,220,175,1,1,1
109,22,1159,0,90,66,1,1,1
110,27,1277,133,166,140,1,1,1
110,29,1515,503,343,268,1,1,1
110,24,450,158,88,128,1,1,1
110,20,864,-3,31,53,1,1,1
110,26,572,218,80,160,1,1,1
110,28,1069,253,193,175,1,1,1
110,22,1162,2,86,56,1,1,1
110,11,700,11,91,70,1,1,1
110,25,1234,65,125,91,1,1,1
110,23,1042,1,80,68,1,1,1
111,20,866,-7,31,51,1,1,1
111,28,1060,233,190,168,1,1,1
111,11,704,6,86,71,1,1,1
111,24,455,148,88,141,1,1,1
111,27,1274,120,158,136,1,1,1
111,23,1037,-3,85,65,1,1,1
111,29,1500,468,300,255,1,1,1
111,26,589,210,43,155,1,1,1
111,25,1222,58,120,93,1,1,1
111,22,1154,0,93,58,1,1,1
112,26,575,200,85,165,1,1,1
112,11,709,5,90,71,1,1,1
112,20,862,0,36,41,1,1,1
112,23,1034,0,86,58,1,1,1
112,27,1262,113,158,135,1,1,1
112,25,1222,51,115,86,1,1,1
112,22,1156,1,85,51,1,1,1
112,24,460,135,78,148,1,1,1
112,29,1477,433,281,235,1,1,1
112,28,1065,225,176,153,1,1,1
113,26,600,196,65,148,1,1,1
113,24,464,151,75,131,1,1,1
113,23,1034,1,83,56,1,1,1
113,29,1455,398,270,231,1,1,1
113,28,1060,211,171,149,1,1,1
113,22,1151,0,83,49,1,1,1
113,25,1205,48,131,89,1,1,1
113,11,709,1,90,76,1,1,1
113,27,1259,105,150,130,1,1,1
113,20,871,0,33,44,1,1,1
114,25,1205,43,123,88,1,1,1
114,23,1034,1,78,45,1,1,1
114,26,602,185,61,141,1,1,1
114,24,462,143,73,133,1,1,1
114,22,1149,-7,83,51,1,1,1
114,27,1249,95,150,125,1,1,1
114,28,1052,200,186,145,1,1,1
114,20,877,-3,20,40,1,1,1
114,29,1432,375,261,210,1,1,1
114,11,711,2,86,71,1,1,1
115,24,474,138,63,136,1,1,1
115,23,1032,0,78,44,1,1,1
115,22,1139,0,90,36,1,1,1
115,28,1055,185,168,141,1,1,1
115,11,712,1,91,70,1,1,1
115,25,1205,33,115,83,1,1,1
115,27,1240,78,148,128,1,1,1
115,20,874,0,25,33,1,1,1
115,29,1419,355,250,190,1,1,1
115,26,620,178,51,143,1,1,1
116,20,871,0,33,29,1,1,1
116,25,1199,26,116,93,1,1,1
116,24,475,141,66,131,1,1,1
116,23,1032,-3,81,48,1,1,1
116,27,1240,90,145,115,1,1,1
116,28,1055,178,171,136,1,1,1
116,22,1146,1,81,36,1,1,1
116,30,0,917,168,161,1,1,1
116,26,614,176,58,136,1,1,1
116,11,711,-5,93,80,1,1,1
116,29,1404,336,251,198,1,1,1
117,20,872,1,28,23,1,1,1
117,24,474,138,68,131,1,1,1
117,23,1029,-5,76,46,1,1,1
117,26,612,165,70,151,1,1,1
117,25,1194,30,116,76,1,1,1
117,22,1141,-3,81,38,1,1,1
117,27,1235,76,143,121,1,1,1
117,29,1397,316,223,185,1,1,1
117,11,717,2,90,64,1,1,1
117,30,27,851,173,228,1,1,1
117,28,1049,163,165,138,1,1,1
118,28,1044,150,163,126,1,1,1
118,22,1134,2,86,31,1,1,1
118,25,1187,25,120,76,1,1,1
118,11,722,1,93,65,1,1,1
118,30,99,782,158,295,1,1,1
118,20,871,-5,33,28,1,1,1
118,26,632,160,56,140,1,1,1
118,27,1230,63,131,114,1,1,1
118,23,1027,6,78,28,1,1,1
118,29,1364,275,225,183,1,1,1
118,24,480,126,61,146,1,1,1
119,25,1189,10,101,86,1,1,1
119,22,1132,0,81,23,1,1,1
119,28,1047,138,151,118,1,1,1
119,30,145,720,161,316,1,1,1
119,24,477,126,66,141,1,1,1
119,11,727,1,88,58,1,1,1
119,26,637,150,65,133,1,1,1
119,29,1352,256,206,146,1,1,1
119,23,1026,1,70,21,1,1,1
119,27,1224,53,126,121,1,1,1
120,29,1309,200,185,146,1,1,1
120,11,734,0,96,49,1,1,1
120,27,1195,35,126,103,1,1,1
120,26,647,135,66,120,1,1,1
120,28,1035,98,141,124,1,1,1
120,30,255,586,130,285,1,1,1
120,25,1176,2,95,69,1,1,1
120,24,495,126,55,136,1,1,1
121,28,1040,91,133,110,1,1,1
121,25,1162,0,103,76,1,1,1
121,24,510,116,43,136,1,1,1
121,30,282,548,135,268,1,1,1
121,26,655,123,60,109,1,1,1
121,11,741,1,93,45,1,1,1
121,27,1195,28,111,104,1,1,1
121,29,1284,171,180,156,1,1,1
122,30,309,530,115,265,1,1,1
122,26,659,121,56,121,1,1,1
122,25,1166,1,96,60,1,1,1
122,28,1037,83,135,121,1,1,1
122,11,746,0,85,49,1,1,1
122,24,507,131,53,121,1,1,1
122,29,1292,171,168,149,1,1,1
122,27,1189,21,125,101,1,1,1
123,27,1185,15,115,103,1,1,1
123,25,1156,-10,96,78,1,1,1
123,24,509,116,50,140,1,1,1
123,29,1269,151,171,141,1,1,1
123,30,325,501,128,245,1,1,1
123,26,669,106,51,123,1,1,1
123,11,749,0,90,44,1,1,1
123,28,1032,80,138,110,1,1,1
124,30,357,488,101,225,1,1,1
124,29,1270,148,153,118,1,1,1
124,27,1179,6,120,111,1,1,1
124,11,751,2,95,43,1,1,1
124,28,1032,68,135,103,1,1,1
124,25,1157,0,86,49,1,1,1
124,31,1472,906,223,173,1,1,1
124,26,657,110,73,100,1,1,1
124,24,510,116,48,133,1,1,1
125,11,762,1,85,35,1,1,1
125,30,395,435,101,205,1,1,1
125,25,1154,2,78,33,1,1,1
125,26,685,95,56,120,1,1,1
125,29,1247,118,155,130,1,1,1
125,27,1174,2,105,84,1,1,1
125,31,1412,666,133,380,1,1,1
125,24,502,113,68,140,1,1,1
125,32,1782,796,135,280,1,1,1
125,28,1035,60,113,103,1,1,1
126,11,766,-7,83,36,1,1,1
126,28,1030,43,123,113,1,1,1
126,25,1154,1,85,33,1,1,1
126,29,1239,108,151,123,1,1,1
126,26,684,86,56,120,1,1,1
126,27,1171,1,105,83,1,1,1
126,30,407,406,96,216,1,1,1
126,31,1359,600,145,346,1,1,1
126,32,1731,714,188,361,1,1,1
126,24,510,105,71,143,1,1,1
127,11,771,4,85,23,1,1,1
127,30,429,393,105,216,1,1,1
127,25,1144,1,95,25,1,1,1
127,28,1029,36,118,96,1,1,1
127,24,514,113,50,123,1,1,1
127,27,1167,7,100,66,1,1,1
127,29,1237,106,138,105,1,1,1
127,31,1329,536,141,338,1,1,1
127,26,692,81,48,111,1,1,1
127,32,1684,646,233,340,1,1,1
128,30,435,381,95,198,1,1,1
128,28,1035,35,116,98,1,1,1
128,27,1162,1,100,70,1,1,1
128,24,502,96,70,136,1,1,1
128,29,1224,93,148,108,1,1,1
128,11,772,1,86,31,1,1,1
128,31,1300,481,140,316,1,1,1
128,25,1149,2,81,23,1,1,1
128,26,687,75,60,123,1,1,1
128,32,1641,592,280,316,1,1,1
129,11,779,0,85,34,1,1,1
129,24,519,86,61,153,1,1,1
129,27,1164,6,93,55,1,1,1
129,30,455,356,83,196,1,1,1
129,28,1034,36,105,85,1,1,1
129,32,1604,544,313,295,1,1,1
129,26,680,73,71,133,1,1,1
129,29,1234,86,123,100,1,1,1
129,31,1302,441,101,288,1,1,1
130,31,1279,408,110,260,1,1,1
130,29,1217,81,141,103,1,1,1
130,27,1156,4,98,55,1,1,1
130,26,700,66,50,116,1,1,1
130,24,525,101,46,133,1,1,1
130,32,1569,486,331,286,1,1,1
130,30,455,341,98,198,1,1,1
130,28,1037,31,106,90,1,1,1
130,11,781,1,83,23,1,1,1
131,31,1252,378,111,241,1,1,1
131,24,517,91,68,145,1,1,1
131,28,1029,23,116,84,1,1,1
131,30,464,328,101,186,1,1,1
131,11,782,2,88,18,1,1,1
131,32,1535,451,318,263,1,1,1
131,27,1159,1,91,55,1,1,1
131,26,700,65,55,111,1,1,1
131,29,1214,63,131,113,1,1,1
132,32,1510,406,273,235,1,1,1
132,11,789,1,83,20,1,1,1
132,30,470,308,103,181,1,1,1
132,28,1032,16,108,86,1,1,1
132,31,1234,326,108,218,1,1,1
132,26,702,60,51,105,1,1,1
132,29,1204,56,131,103,1,1,1
132,24,532,103,46,124,1,1,1
132,27,1157,2,85,51,1,1,1
133,29,1219,45,103,106,1,1,1
133,31,1234,295,78,228,1,1,1
133,24,529,88,50,143,1,1,1
133,27,1147,2,95,39,1,1,1
133,28,1024,10,110,91,1,1,1
133,32,1472,371,270,226,1,1,1
133,30,500,301,73,180,1,1,1
133,26,705,50,63,120,1,1,1
134,31,1217,276,91,200,1,1,1
134,29,1199,43,123,103,1,1,1
134,26,702,51,65,108,1,1,1
134,24,527,90,46,128,1,1,1
134,32,1450,348,261,213,1,1,1
134,27,1146,0,86,38,1,1,1
134,28,1027,10,100,80,1,1,1
134,30,499,290,93,165,1,1,1
135,30,505,273,95,171,1,1,1
135,32,1439,331,241,196,1,1,1
135,29,1197,41,111,100,1,1,1
135,26,705,48,55,96,1,1,1
135,24,534,93,43,118,1,1,1
135,31,1194,245,96,203,1,1,1
135,28,1030,3,91,79,1,1,1
135,27,1141,-3,90,40,1,1,1
136,26,722,61,36,91,1,1,1
136,24,537,78,46,139,1,1,1
136,27,1142,-7,85,43,1,1,1
136,32,1415,298,231,205,1,1,1
136,30,527,261,80,161,1,1,1
136,28,1025,5,100,75,1,1,1
136,31,1202,228,66,191,1,1,1
136,29,1195,35,113,88,1,1,1
137,26,717,41,46,96,1,1,1
137,31,1195,215,73,181,1,1,1
137,27,1141,-3,86,31,1,1,1
137,30,542,255,66,168,1,1,1
137,24,532,88,51,124,1,1,1
137,28,1027,1,93,73,1,1,1
137,29,1187,30,113,93,1,1,1
137,32,1402,281,216,181,1,1,1
138,24,534,88,63,118,1,1,1
138,28,1024,0,93,70,1,1,1
138,32,1387,258,205,183,1,1,1
138,26,734,33,33,103,1,1,1
138,29,1189,25,98,90,1,1,1
138,31,1172,183,85,186,1,1,1
138,30,547,238,71,158,1,1,1
138,27,1137,-3,83,26,1,1,1
139,29,1180,13,103,88,1,1,1
139,31,1172,173,76,173,1,1,1
139,32,1367,240,206,180,1,1,1
139,26,719,43,55,89,1,1,1
139,28,1029,-5,85,68,1,1,1
139,30,552,231,71,163,1,1,1
139,24,544,91,43,115,1,1,1
140,26,724,33,55,88,1,1,1
140,32,1354,231,211,163,1,1,1
140,30,552,226,83,148,1,1,1
140,24,545,75,48,130,1,1,1
140,29,1179,13,110,85,1,1,1
140,28,1031,0,81,61,1,1,1
140,31,1159,150,91,160,1,1,1
141,24,552,86,41,110,1,1,1
141,31,1154,140,71,158,1,1,1
141,32,1335,201,190,151,1,1,1
141,26,732,28,46,88,1,1,1
141,30,570,206,71,158,1,1,1
141,29,1179,8,85,78,1,1,1
141,28,1029,1,80,51,1,1,1
142,26,725,28,60,98,1,1,1
142,28,1027,0,81,51,1,1,1
142,32,1319,186,195,148,1,1,1
142,30,582,198,75,150,1,1,1
142,29,1162,5,110,81,1,1,1
142,24,552,85,40,118,1,1,1
142,31,1154,116,63,161,1,1,1
143,30,577,196,71,144,1,1,1
143,32,1314,183,173,143,1,1,1
143,29,1164,1,100,76,1,1,1
143,28,1029,-5,76,50,1,1,1
143,24,559,96,41,100,1,1,1
143,26,739,21,46,85,1,1,1
143,31,1149,130,63,135,1,1,1
144,29,1161,0,95,71,1,1,1
144,24,550,78,55,108,1,1,1
144,32,1302,163,176,141,1,1,1
144,31,1144,106,56,141,1,1,1
144,26,735,21,43,88,1,1,1
144,28,1021,0,85,41,1,1,1
144,30,597,186,56,143,1,1,1
145,31,1129,93,73,129,1,1,1
145,24,552,75,51,118,1,1,1
145,28,1024,2,80,31,1,1,1
145,26,735,6,50,98,1,1,1
145,32,1294,136,156,146,1,1,1
145,29,1159,0,90,63,1,1,1
145,30,602,175,61,138,1,1,1
146,26,735,10,48,95,1,1,1
146,29,1149,-5,100,61,1,1,1
146,30,614,165,60,141,1,1,1
146,31,1134,78,55,128,1,1,1
146,32,1282,135,156,128,1,1,1
146,24,552,66,51,126,1,1,1
146,28,1026,0,73,33,1,1,1
147,24,554,73,56,111,1,1,1
147,32,1270,128,151,128,1,1,1
147,28,1021,0,76,29,1,1,1
147,26,745,11,43,86,1,1,1
147,29,1151,0,83,54,1,1,1
147,30,617,158,65,131,1,1,1
147,31,1130,70,56,135,1,1,1
148,29,1149,-10,85,63,1,1,1
148,31,1132,58,55,128,1,1,1
148,24,562,68,46,118,1,1,1
148,32,1267,113,150,124,1,1,1
148,30,635,156,45,129,1,1,1
148,26,740,3,48,93,1,1,1
148,28,1022,2,78,23,1,1,1
149,30,627,150,65,123,1,1,1
149,29,1147,1,86,45,1,1,1
149,32,1264,96,136,131,1,1,1
149,26,737,8,53,79,1,1,1
149,24,547,68,68,121,1,1,1
149,31,1142,56,33,111,1,1,1
150,31,1120,48,61,123,1,1,1
150,30,629,145,61,133,1,1,1
150,24,554,68,66,116,1,1,1
150,29,1146,0,83,44,1,1,1
150,32,1257,100,136,115,1,1,1
150,26,750,3,33,88,1,1,1
151,24,560,58,58,121,1,1,1
151,26,740,3,53,83,1,1,1
151,31,1124,40,56,123,1,1,1
151,30,640,133,61,133,1,1,1
151,29,1144,2,78,33,1,1,1
151,32,1249,95,131,111,1,1,1
152,29,1142,-3,80,45,1,1,1
152,32,1242,80,136,120,1,1,1
152,30,649,126,51,115,1,1,1
152,26,754,-1,35,78,1,1,1
152,31,1117,35,53,113,1,1,1
152,24,574,58,45,123,1,1,1
153,24,574,61,40,116,1,1,1
153,31,1112,26,68,126,1,1,1
153,26,752,-5,43,71,1,1,1
153,29,1127,0,88,29,1,1,1
153,30,640,120,68,126,1,1,1
153,32,1242,78,130,113,1,1,1
154,33,1,732,66,286,1,1,1
154,24,570,58,56,116,1,1,1
154,26,756,2,33,69,1,1,1
154,30,659,113,51,121,1,1,1
154,31,1104,18,61,111,1,1,1
154,29,1131,2,80,21,1,1,1
154,32,1227,51,126,120,1,1,1
154,34,289,939,186,138,1,1,1
155,34,327,867,185,211,1,1,1
155,30,664,111,55,116,1,1,1
155,31,1107,13,43,106,1,1,1
155,26,749,0,45,71,1,1,1
155,32,1220,58,128,106,1,1,1
155,33,-2,671,110,333,1,1,1
155,24,585,61,38,101,1,1,1
156,24,579,63,43,96,1,1,1
156,30,672,96,46,140,1,1,1
156,26,761,4,30,63,1,1,1
156,31,1097,3,78,119,1,1,1
156,33,-2,652,133,301,1,1,1
156,32,1219,50,125,110,1,1,1
156,34,361,794,178,283,1,1,1
157,26,759,0,33,66,1,1,1
157,33,27,625,128,280,1,1,1
157,34,429,736,120,318,1,1,1
157,32,1219,48,103,93,1,1,1
157,30,675,95,51,113,1,1,1
157,24,587,51,40,121,1,1,1
157,31,1104,10,50,88,1,1,1
158,30,675,91,58,115,1,1,1
158,24,574,56,50,116,1,1,1
158,26,761,1,38,58,1,1,1
158,34,470,641,111,315,1,1,1
158,33,92,580,101,270,1,1,1
158,31,1102,5,46,90,1,1,1
158,32,1204,31,125,113,1,1,1
159,30,680,86,50,118,1,1,1
159,31,1097,-5,58,88,1,1,1
159,33,115,555,119,258,1,1,1
159,32,1207,28,101,93,1,1,1
159,24,580,53,45,101,1,1,1
159,26,764,1,31,56,1,1,1
159,34,487,598,118,286,1,1,1
160,24,575,50,61,121,1,1,1
160,30,684,81,51,135,1,1,1
160,32,1192,20,110,101,1,1,1
160,26,761,-7,38,66,1,1,1
160,33,147,530,113,248,1,1,1
160,31,1096,-5,51,83,1,1,1
160,34,505,558,121,281,1,1,1
161,31,1096,2,41,58,1,1,1
161,34,537,506,108,243,1,1,1
161,30,692,85,48,95,1,1,1
161,32,1190,21,101,85,1,1,1
161,26,766,1,35,48,1,1,1
161,24,584,60,43,98,1,1,1
161,33,174,501,118,233,1,1,1
162,30,697,78,45,101,1,1,1
162,26,771,-5,33,46,1,1,1
162,33,189,475,128,233,1,1,1
162,32,1184,11,105,88,1,1,1
162,31,1092,-5,41,65,1,1,1
162,24,584,58,46,98,1,1,1
162,34,562,466,93,243,1,1,1
163,33,217,448,123,230,1,1,1
163,31,1092,0,41,54,1,1,1
163,34,570,433,110,228,1,1,1
163,24,577,50,65,110,1,1,1
163,32,1184,10,96,85,1,1,1
163,30,692,70,55,100,1,1,1
163,26,772,0,28,44,1,1,1
164,32,1174,8,105,79,1,1,1
164,33,240,443,116,211,1,1,1
164,26,772,0,33,43,1,1,1
164,24,574,60,58,96,1,1,1
164,31,1091,1,43,50,1,1,1
164,30,699,70,51,100,1,1,1
164,34,577,411,111,218,1,1,1
165,30,700,65,46,105,1,1,1
165,31,1091,1,41,48,1,1,1
165,32,1170,8,105,76,1,1,1
165,34,592,380,106,216,1,1,1
165,33,242,420,133,201,1,1,1
165,24,584,56,46,100,1,1,1
165,26,776,0,25,43,1,1,1
166,30,700,55,56,105,1,1,1
166,26,777,4,28,30,1,1,1
166,33,284,395,111,211,1,1,1
166,31,1089,-3,35,45,1,1,1
166,34,607,365,106,203,1,1,1
166,32,1172,1,91,71,1,1,1
166,24,582,50,55,103,1,1,1
167,26,776,2,33,29,1,1,1
167,34,619,335,108,205,1,1,1
167,31,1084,0,45,36,1,1,1
167,24,577,55,63,101,1,1,1
167,32,1171,1,90,68,1,1,1
167,30,710,56,41,93,1,1,1
167,33,309,371,95,213,1,1,1
168,31,1084,-3,31,33,1,1,1
168,33,312,363,118,201,1,1,1
168,32,1162,0,93,63,1,1,1
168,34,635,320,93,191,1,1,1
168,24,574,53,61,98,1,1,1
168,26,781,0,28,29,1,1,1
168,30,707,51,48,100,1,1,1
169,33,330,351,116,190,1,1,1
169,32,1161,0,88,58,1,1,1
169,34,642,301,96,180,1,1,1
169,24,577,40,56,120,1,1,1
169,26,782,-3,21,28,1,1,1
169,30,704,50,58,90,1,1,1
169,31,1084,-3,36,33,1,1,1
170,24,577,48,63,104,1,1,1
170,32,1157,1,86,53,1,1,1
170,26,779,-3,30,31,1,1,1
170,30,709,45,51,93,1,1,1
170,31,1087,-3,21,25,1,1,1
170,33,349,331,110,193,1,1,1
170,34,654,278,91,176,1,1,1
171,30,712,46,51,90,1,1,1
171,26,791,0,15,23,1,1,1
171,33,367,321,103,181,1,1,1
171,32,1156,-5,86,55,1,1,1
171,34,662,260,91,178,1,1,1
171,24,587,43,46,106,1,1,1
172,30,712,38,53,94,1,1,1
172,33,387,306,88,180,1,1,1
172,34,674,246,90,174,1,1,1
172,32,1154,0,78,41,1,1,1
172,24,577,45,60,113,1,1,1
173,32,1149,-3,88,45,1,1,1
173,30,717,33,51,93,1,1,1
173,33,404,290,91,183,1,1,1
173,34,684,233,81,158,1,1,1
173,24,580,48,55,103,1,1,1
174,24,584,43,55,101,1,1,1
174,30,724,30,36,85,1,1,1
174,32,1149,0,75,26,1,1,1
174,33,440,273,66,175,1,1,1
174,34,700,213,68,153,1,1,1
175,34,705,185,75,150,1,1,1
175,24,580,43,56,101,1,1,1
175,32,1146,0,75,24,1,1,1
175,30,722,25,46,88,1,1,1
175,35,1337,932,180,145,1,1,1
175,33,445,263,81,176,1,1,1
176,32,1137,0,78,23,1,1,1
176,33,462,248,78,161,1,1,1
176,35,1304,832,165,245,1,1,1
176,34,717,191,66,134,1,1,1
176,24,577,46,55,100,1,1,1
176,30,709,21,63,88,1,1,1
177,24,589,51,43,93,1,1,1
177,35,1272,753,165,324,1,1,1
177,36,446,984,471,93,1,1,1
177,30,724,20,45,101,1,1,1
177,34,720,170,80,146,1,1,1
177,33,467,241,78,149,1,1,1
178,24,577,46,65,103,1,1,1
178,35,1230,610,146,305,1,1,1
178,30,724,15,48,83,1,1,1
178,34,730,156,73,134,1,1,1
178,36,504,796,426,281,1,1,1
178,33,490,221,76,153,1,1,1
179,24,574,45,56,105,1,1,1
179,37,1811,867,106,211,1,1,1
179,33,504,208,80,148,1,1,1
179,34,739,133,71,133,1,1,1
179,30,724,8,48,83,1,1,1
179,35,1209,536,135,273,1,1,1
179,36,557,688,338,354,1,1,1
180,24,570,36,65,116,1,1,1
180,37,1739,774,170,303,1,1,1
180,35,1190,485,120,256,1,1,1
180,33,525,198,53,140,1,1,1
180,30,722,6,48,85,1,1,1
180,34,744,128,61,116,1,1,1
180,36,582,625,321,316,1,1,1
181,24,579,46,50,95,1,1,1
181,33,527,191,66,138,1,1,1
181,34,747,118,61,123,1,1,1
181,36,609,573,295,295,1,1,1
181,30,730,5,38,80,1,1,1
181,35,1175,445,116,245,1,1,1
181,37,1682,683,155,353,1,1,1
182,30,729,3,46,81,1,1,1
182,34,755,111,58,111,1,1,1
182,36,637,503,273,265,1,1,1
182,24,564,43,66,101,1,1,1
182,33,537,180,70,138,1,1,1
182,35,1169,400,100,215,1,1,1
182,37,1614,590,125,316,1,1,1
183,35,1140,338,98,191,1,1,1
183,33,559,173,63,128,1,1,1
183,36,669,431,245,230,1,1,1
183,30,729,1,48,70,1,1,1
183,24,569,48,60,98,1,1,1
183,34,764,90,55,128,1,1,1
183,37,1530,488,121,268,1,1,1
184,35,1134,316,91,190,1,1,1
184,34,765,90,55,103,1,1,1
184,36,684,401,230,220,1,1,1
184,33,559,163,73,130,1,1,1
184,30,741,1,31,73,1,1,1
184,24,572,46,60,96,1,1,1
184,37,1495,445,120,250,1,1,1
185,37,1469,408,111,231,1,1,1
185,36,695,371,220,210,1,1,1
185,30,737,-5,36,75,1,1,1
185,34,765,83,60,108,1,1,1
185,35,1129,288,90,185,1,1,1
185,33,569,151,65,131,1,1,1
185,24,574,50,55,95,1,1,1
186,37,1432,360,106,215,1,1,1
186,35,1122,253,81,176,1,1,1
186,34,772,70,56,111,1,1,1
186,24,569,48,58,94,1,1,1
186,30,739,0,36,68,1,1,1
186,36,710,331,205,188,1,1,1
186,33,580,145,63,126,1,1,1
187,35,1107,225,80,171,1,1,1
187,24,572,38,55,103,1,1,1
187,33,585,136,65,124,1,1,1
187,30,734,0,45,58,1,1,1
187,36,725,300,193,171,1,1,1
187,37,1404,313,96,205,1,1,1
187,34,774,63,56,103,1,1,1
188,36,734,280,185,168,1,1,1
188,33,597,130,60,118,1,1,1
188,35,1104,215,80,160,1,1,1
188,37,1377,293,96,188,1,1,1
188,30,739,1,41,56,1,1,1
188,24,569,40,58,106,1,1,1
188,34,779,51,55,106,1,1,1
189,30,742,-3,38,58,1,1,1
189,33,602,123,60,116,1,1,1
189,37,1365,270,88,183,1,1,1
189,24,577,43,55,98,1,1,1
189,34,780,53,60,93,1,1,1
189,36,742,260,176,160,1,1,1
189,35,1099,196,75,154,1,1,1
190,35,1097,181,73,156,1,1,1
190,33,609,113,55,123,1,1,1
190,30,744,0,35,46,1,1,1
190,36,750,241,171,154,1,1,1
190,24,572,46,65,91,1,1,1
190,37,1342,246,98,173,1,1,1
190,34,779,46,61,93,1,1,1
191,33,612,108,63,114,1,1,1
191,35,1092,158,61,148,1,1,1
191,30,742,-3,33,48,1,1,1
191,37,1322,213,85,168,1,1,1
191,24,574,51,56,91,1,1,1
191,34,785,38,50,94,1,1,1
191,36,762,220,156,146,1,1,1
192,35,1089,146,63,138,1,1,1
192,37,1310,198,78,163,1,1,1
192,24,582,35,50,111,1,1,1
192,36,765,205,156,136,1,1,1
192,33,625,103,50,113,1,1,1
192,30,751,-3,28,46,1,1,1
192,34,792,35,48,96,1,1,1
193,30,742,-5,38,46,1,1,1
193,24,575,43,58,104,1,1,1
193,34,787,20,55,101,1,1,1
193,36,772,191,148,134,1,1,1
193,35,1084,140,61,131,1,1,1
193,33,625,100,60,108,1,1,1
193,37,1305,190,70,151,1,1,1
194,24,582,38,50,111,1,1,1
194,30,744,-3,38,41,1,1,1
194,36,777,178,146,130,1,1,1
194,34,794,21,46,98,1,1,1
194,33,635,96,53,103,1,1,1
194,35,1084,128,61,131,1,1,1
194,37,1280,176,83,146,1,1,1
195,34,799,21,48,95,1,1,1
195,36,780,165,143,128,1,1,1
195,33,639,90,51,115,1,1,1
195,30,747,0,35,38,1,1,1
195,24,580,50,51,93,1,1,1
195,35,1079,118,65,131,1,1,1
195,37,1289,155,56,151,1,1,1
196,35,1075,103,60,119,1,1,1
196,37,1274,145,61,136,1,1,1
196,24,570,46,65,106,1,1,1
196,36,785,153,141,125,1,1,1
196,30,747,1,35,31,1,1,1
196,33,644,83,50,106,1,1,1
196,34,794,18,55,86,1,1,1
197,30,744,-3,36,33,1,1,1
197,34,799,16,48,76,1,1,1
197,37,1269,135,56,130,1,1,1
197,36,790,141,136,126,1,1,1
197,33,645,78,53,106,1,1,1
197,35,1067,96,60,121,1,1,1
197,24,575,43,58,103,1,1,1
198,36,795,136,128,113,1,1,1
198,37,1252,125,66,130,1,1,1
198,30,749,1,31,31,1,1,1
198,34,797,8,50,83,1,1,1
198,35,1067,91,60,111,1,1,1
198,24,580,46,51,96,1,1,1
198,33,654,78,50,103,1,1,1
199,34,805,10,41,78,1,1,1
199,35,1064,80,60,111,1,1,1
199,37,1245,116,63,123,1,1,1
199,24,579,46,56,98,1,1,1
199,33,655,76,55,95,1,1,1
199,30,754,0,28,26,1,1,1
199,36,799,125,128,115,1,1,1
