2,2,1098,309,235,216,-1,-1,-1,-1
2,4,620,386,355,436,-1,-1,-1,-1
2,5,1232,10,134,136,-1,-1,-1,-1
2,6,774,227,174,153,-1,-1,-1,-1
2,8,758,71,63,124,-1,-1,-1,-1
2,9,849,1,57,110,-1,-1,-1,-1
2,10,1053,12,55,108,-1,-1,-1,-1
3,1,90,466,390,337,-1,-1,-1,-1
3,2,1096,292,220,202,-1,-1,-1,-1
3,4,638,354,336,413,-1,-1,-1,-1
3,5,1234,12,123,124,-1,-1,-1,-1
3,6,779,211,164,144,-1,-1,-1,-1
3,7,697,1,97,90,-1,-1,-1,-1
3,8,760,69,62,121,-1,-1,-1,-1
3,9,846,-1,56,108,-1,-1,-1,-1
3,10,1051,11,54,107,-1,-1,-1,-1
4,1,107,454,381,328,-1,-1,-1,-1
4,2,1094,277,205,188,-1,-1,-1,-1
4,4,656,336,309,380,-1,-1,-1,-1
4,5,1229,9,117,118,-1,-1,-1,-1
4,6,788,198,153,134,-1,-1,-1,-1
4,7,701,1,95,87,-1,-1,-1,-1
4,8,762,66,60,118,-1,-1,-1,-1
4,9,844,-2,55,106,-1,-1,-1,-1
4,10,1049,10,54,106,-1,-1,-1,-1
5,1,118,440,380,328,-1,-1,-1,-1
5,2,1089,261,198,181,-1,-1,-1,-1
5,4,670,323,290,354,-1,-1,-1,-1
5,5,1228,8,112,112,-1,-1,-1,-1
5,6,792,187,148,128,-1,-1,-1,-1
5,7,706,2,85,77,-1,-1,-1,-1
5,8,764,63,58,115,-1,-1,-1,-1
5,9,843,-4,55,105,-1,-1,-1,-1
5,10,1048,8,53,104,-1,-1,-1,-1
6,1,131,430,372,321,-1,-1,-1,-1
6,2,1085,245,194,178,-1,-1,-1,-1
6,4,676,297,284,348,-1,-1,-1,-1
6,5,1227,7,106,107,-1,-1,-1,-1
6,6,794,175,144,125,-1,-1,-1,-1
6,9,842,-5,54,103,-1,-1,-1,-1
6,13,763,18,74,145,-1,-1,-1,-1
7,1,140,424,365,316,-1,-1,-1,-1
7,2,1085,236,188,172,-1,-1,-1,-1
7,4,681,280,278,340,-1,-1,-1,-1
7,5,1226,5,101,101,-1,-1,-1,-1
7,6,796,166,144,124,-1,-1,-1,-1
7,7,710,1,90,80,-1,-1,-1,-1
7,13,767,24,69,135,-1,-1,-1,-1
8,1,151,416,360,313,-1,-1,-1,-1
8,2,1084,224,182,166,-1,-1,-1,-1
8,4,690,269,265,324,-1,-1,-1,-1
8,6,800,161,136,117,-1,-1,-1,-1
8,13,768,18,70,137,-1,-1,-1,-1
8,14,448,633,150,298,-1,-1,-1,-1
9,1,159,410,356,311,-1,-1,-1,-1
9,2,1085,217,177,161,-1,-1,-1,-1
9,4,698,262,257,312,-1,-1,-1,-1
9,6,804,155,132,112,-1,-1,-1,-1
9,13,769,11,71,139,-1,-1,-1,-1
9,14,461,606,143,284,-1,-1,-1,-1
10,1,166,402,351,307,-1,-1,-1,-1
10,2,1080,206,173,157,-1,-1,-1,-1
10,4,694,232,266,324,-1,-1,-1,-1
10,6,808,145,125,106,-1,-1,-1,-1
10,7,724,-4,117,110,-1,-1,-1,-1
10,13,770,5,72,141,-1,-1,-1,-1
10,14,482,574,139,275,-1,-1,-1,-1
11,1,173,399,344,303,-1,-1,-1,-1
11,2,1079,199,170,153,-1,-1,-1,-1
11,3,124,206,357,131,-1,-1,-1,-1
11,4,697,217,263,321,-1,-1,-1,-1
11,6,813,136,119,101,-1,-1,-1,-1
11,7,727,-5,120,113,-1,-1,-1,-1
11,14,493,553,137,272,-1,-1,-1,-1
12,1,182,394,336,297,-1,-1,-1,-1
12,2,1077,188,167,150,-1,-1,-1,-1
12,3,126,205,361,132,-1,-1,-1,-1
12,4,704,207,253,310,-1,-1,-1,-1
12,6,817,127,112,95,-1,-1,-1,-1
12,7,730,-6,123,116,-1,-1,-1,-1
12,14,513,525,130,259,-1,-1,-1,-1
12,16,748,-7,89,112,-1,-1,-1,-1
13,1,190,385,336,300,-1,-1,-1,-1
13,2,1076,178,162,144,-1,-1,-1,-1
13,3,133,204,365,133,-1,-1,-1,-1
13,4,711,193,245,301,-1,-1,-1,-1
13,7,734,-6,125,118,-1,-1,-1,-1
13,14,529,492,129,257,-1,-1,-1,-1
13,16,752,-7,89,111,-1,-1,-1,-1
13,17,807,125,132,109,-1,-1,-1,-1
14,1,197,381,334,300,-1,-1,-1,-1
14,2,1074,170,160,142,-1,-1,-1,-1
14,3,136,202,369,135,-1,-1,-1,-1
14,4,717,187,238,291,-1,-1,-1,-1
14,14,540,469,127,255,-1,-1,-1,-1
14,16,756,-8,89,111,-1,-1,-1,-1
14,17,807,120,132,110,-1,-1,-1,-1
14,18,794,-3,50,131,-1,-1,-1,-1
15,1,206,377,326,295,-1,-1,-1,-1
15,2,1072,163,158,139,-1,-1,-1,-1
15,3,144,202,369,135,-1,-1,-1,-1
15,4,718,173,236,290,-1,-1,-1,-1
15,14,555,449,123,248,-1,-1,-1,-1
15,16,760,-9,89,111,-1,-1,-1,-1
15,17,806,116,133,110,-1,-1,-1,-1
15,18,794,-5,50,131,-1,-1,-1,-1
16,1,212,366,323,294,-1,-1,-1,-1
16,2,1071,155,154,136,-1,-1,-1,-1
16,4,721,158,235,290,-1,-1,-1,-1
16,14,570,427,118,239,-1,-1,-1,-1
16,17,806,111,133,110,-1,-1,-1,-1
16,18,795,-6,50,130,-1,-1,-1,-1
17,1,220,359,315,290,-1,-1,-1,-1
17,2,1070,146,150,132,-1,-1,-1,-1
17,4,728,156,223,276,-1,-1,-1,-1
17,14,586,403,114,232,-1,-1,-1,-1
17,18,796,-7,50,129,-1,-1,-1,-1
18,1,224,355,310,287,-1,-1,-1,-1
18,2,1068,141,149,131,-1,-1,-1,-1
18,3,164,199,370,136,-1,-1,-1,-1
18,4,733,148,221,274,-1,-1,-1,-1
18,14,596,387,112,228,-1,-1,-1,-1
18,18,797,-9,49,128,-1,-1,-1,-1
19,1,229,352,308,288,-1,-1,-1,-1
19,2,1067,134,146,129,-1,-1,-1,-1
19,4,739,141,211,262,-1,-1,-1,-1
19,14,607,372,108,220,-1,-1,-1,-1
20,1,233,342,304,287,-1,-1,-1,-1
20,2,1066,125,144,127,-1,-1,-1,-1
20,3,187,199,362,135,-1,-1,-1,-1
20,4,744,136,199,245,-1,-1,-1,-1
20,14,617,351,108,218,-1,-1,-1,-1
21,1,236,334,301,288,-1,-1,-1,-1
21,2,1064,118,141,125,-1,-1,-1,-1
21,3,197,197,360,135,-1,-1,-1,-1
21,4,746,126,202,249,-1,-1,-1,-1
21,14,624,339,106,214,-1,-1,-1,-1
22,1,239,326,299,289,-1,-1,-1,-1
22,2,1062,112,137,122,-1,-1,-1,-1
22,3,206,197,358,134,-1,-1,-1,-1
22,4,747,106,209,260,-1,-1,-1,-1
22,14,634,326,102,204,-1,-1,-1,-1
22,19,1035,848,889,221,-1,-1,-1,-1
23,1,240,319,297,290,-1,-1,-1,-1
23,2,1061,107,137,121,-1,-1,-1,-1
23,3,212,197,356,134,-1,-1,-1,-1
23,4,750,110,195,242,-1,-1,-1,-1
23,14,642,318,99,198,-1,-1,-1,-1
23,19,931,799,1056,269,-1,-1,-1,-1
24,1,243,315,292,289,-1,-1,-1,-1
24,2,1057,97,140,125,-1,-1,-1,-1
24,3,221,197,353,133,-1,-1,-1,-1
24,4,755,94,196,243,-1,-1,-1,-1
24,14,650,304,97,195,-1,-1,-1,-1
24,19,784,731,1294,340,-1,-1,-1,-1
25,1,247,310,287,286,-1,-1,-1,-1
25,2,1057,92,137,122,-1,-1,-1,-1
25,3,232,196,353,133,-1,-1,-1,-1
25,4,761,103,179,219,-1,-1,-1,-1
25,14,658,288,95,190,-1,-1,-1,-1
25,19,696,692,1437,378,-1,-1,-1,-1
26,1,250,304,279,281,-1,-1,-1,-1
26,2,1057,84,133,119,-1,-1,-1,-1
26,3,246,195,351,132,-1,-1,-1,-1
26,4,761,93,178,218,-1,-1,-1,-1
26,14,666,274,93,184,-1,-1,-1,-1
26,19,608,654,1581,416,-1,-1,-1,-1
27,1,253,303,274,278,-1,-1,-1,-1
27,2,1056,79,130,117,-1,-1,-1,-1
27,3,255,195,350,132,-1,-1,-1,-1
27,4,761,89,177,216,-1,-1,-1,-1
27,14,670,263,92,184,-1,-1,-1,-1
27,19,519,615,1724,453,-1,-1,-1,-1
27,20,1180,596,357,313,-1,-1,-1,-1
28,1,255,302,267,272,-1,-1,-1,-1
28,2,1055,73,128,115,-1,-1,-1,-1
28,3,259,195,354,134,-1,-1,-1,-1
28,4,761,72,182,223,-1,-1,-1,-1
28,14,676,251,92,183,-1,-1,-1,-1
28,20,1166,552,345,302,-1,-1,-1,-1
29,1,254,298,265,272,-1,-1,-1,-1
29,2,1055,69,126,114,-1,-1,-1,-1
29,3,260,192,357,136,-1,-1,-1,-1
29,4,762,69,179,220,-1,-1,-1,-1
29,14,680,242,92,182,-1,-1,-1,-1
29,20,1159,525,332,291,-1,-1,-1,-1
29,21,1708,681,215,379,-1,-1,-1,-1
30,1,255,300,258,266,-1,-1,-1,-1
30,2,1053,63,126,115,-1,-1,-1,-1
30,3,265,191,361,138,-1,-1,-1,-1
30,4,760,43,188,235,-1,-1,-1,-1
30,14,686,232,89,177,-1,-1,-1,-1
30,20,1147,488,323,283,-1,-1,-1,-1
30,21,1691,632,212,371,-1,-1,-1,-1
31,1,254,297,257,265,-1,-1,-1,-1
31,2,1053,57,127,117,-1,-1,-1,-1
31,3,267,190,365,141,-1,-1,-1,-1
31,4,761,34,188,237,-1,-1,-1,-1
31,14,691,225,87,173,-1,-1,-1,-1
31,20,1140,463,313,275,-1,-1,-1,-1
31,21,1683,604,206,355,-1,-1,-1,-1
32,1,252,296,255,264,-1,-1,-1,-1
32,2,1052,53,124,115,-1,-1,-1,-1
32,3,283,192,358,140,-1,-1,-1,-1
32,4,763,36,179,229,-1,-1,-1,-1
32,14,697,215,85,169,-1,-1,-1,-1
32,20,1136,437,291,256,-1,-1,-1,-1
32,21,1669,561,201,334,-1,-1,-1,-1
33,1,251,296,252,262,-1,-1,-1,-1
33,2,1053,50,118,110,-1,-1,-1,-1
33,3,297,195,347,137,-1,-1,-1,-1
33,4,766,31,174,224,-1,-1,-1,-1
33,14,703,209,82,161,-1,-1,-1,-1
33,20,1130,408,276,243,-1,-1,-1,-1
33,21,1656,528,192,301,-1,-1,-1,-1
34,1,248,295,249,258,-1,-1,-1,-1
34,2,1055,47,110,103,-1,-1,-1,-1
34,3,307,194,341,136,-1,-1,-1,-1
34,4,772,35,161,208,-1,-1,-1,-1
34,14,709,198,79,156,-1,-1,-1,-1
34,20,1127,383,260,229,-1,-1,-1,-1
34,21,1635,486,192,283,-1,-1,-1,-1
35,1,244,291,249,257,-1,-1,-1,-1
35,2,1051,43,109,101,-1,-1,-1,-1
35,3,318,193,333,134,-1,-1,-1,-1
35,4,776,31,156,201,-1,-1,-1,-1
35,14,715,188,77,153,-1,-1,-1,-1
35,20,1117,355,255,225,-1,-1,-1,-1
35,21,1599,450,188,261,-1,-1,-1,-1
35,22,371,853,471,217,-1,-1,-1,-1
36,1,238,290,248,255,-1,-1,-1,-1
36,2,1043,25,120,114,-1,-1,-1,-1
36,3,327,192,332,135,-1,-1,-1,-1
36,4,777,20,156,201,-1,-1,-1,-1
36,14,719,177,77,153,-1,-1,-1,-1
36,20,1108,331,246,218,-1,-1,-1,-1
36,21,1565,414,189,248,-1,-1,-1,-1
36,22,330,791,595,281,-1,-1,-1,-1
37,1,234,291,245,250,-1,-1,-1,-1
37,2,1042,20,119,114,-1,-1,-1,-1
37,4,777,14,156,203,-1,-1,-1,-1
37,14,724,171,75,148,-1,-1,-1,-1
37,20,1104,312,233,206,-1,-1,-1,-1
37,21,1531,383,189,236,-1,-1,-1,-1
37,22,308,759,663,313,-1,-1,-1,-1
37,23,1323,797,402,274,-1,-1,-1,-1
38,1,224,281,253,256,-1,-1,-1,-1
38,2,1045,18,114,110,-1,-1,-1,-1
38,4,778,12,154,201,-1,-1,-1,-1
38,14,729,162,74,146,-1,-1,-1,-1
38,20,1101,296,216,189,-1,-1,-1,-1
38,21,1504,356,186,223,-1,-1,-1,-1
38,23,1281,764,449,306,-1,-1,-1,-1
39,1,215,278,256,255,-1,-1,-1,-1
39,2,1044,15,110,106,-1,-1,-1,-1
39,3,349,186,321,136,-1,-1,-1,-1
39,4,782,11,146,191,-1,-1,-1,-1
39,14,733,153,74,146,-1,-1,-1,-1
39,20,1094,278,208,182,-1,-1,-1,-1
39,21,1476,333,182,209,-1,-1,-1,-1
39,23,1239,731,495,338,-1,-1,-1,-1
39,25,614,622,148,319,-1,-1,-1,-1
40,1,206,277,254,249,-1,-1,-1,-1
40,2,1042,10,110,106,-1,-1,-1,-1
40,3,354,182,316,135,-1,-1,-1,-1
40,4,784,9,140,183,-1,-1,-1,-1
40,14,738,143,73,144,-1,-1,-1,-1
40,20,1088,255,199,174,-1,-1,-1,-1
40,21,1446,305,178,197,-1,-1,-1,-1
40,23,1197,698,542,370,-1,-1,-1,-1
40,25,644,572,136,292,-1,-1,-1,-1
40,26,1342,578,129,282,-1,-1,-1,-1
41,1,196,275,256,246,-1,-1,-1,-1
41,2,1040,4,109,106,-1,-1,-1,-1
41,3,358,179,311,135,-1,-1,-1,-1
41,4,785,8,136,178,-1,-1,-1,-1
41,14,741,132,71,142,-1,-1,-1,-1
41,20,1085,238,189,164,-1,-1,-1,-1
41,21,1421,285,172,183,-1,-1,-1,-1
41,25,667,533,129,275,-1,-1,-1,-1
41,26,1316,529,120,261,-1,-1,-1,-1
42,1,189,273,259,243,-1,-1,-1,-1
42,2,1038,-2,108,105,-1,-1,-1,-1
42,3,360,179,309,136,-1,-1,-1,-1
42,4,786,7,134,174,-1,-1,-1,-1
42,14,744,124,71,143,-1,-1,-1,-1
42,20,1083,230,184,158,-1,-1,-1,-1
42,21,1408,269,174,179,-1,-1,-1,-1
42,25,675,506,126,269,-1,-1,-1,-1
42,26,1301,499,117,256,-1,-1,-1,-1
43,1,177,269,266,245,-1,-1,-1,-1
43,2,1037,-8,107,104,-1,-1,-1,-1
43,3,374,177,302,134,-1,-1,-1,-1
43,4,787,6,131,171,-1,-1,-1,-1
43,14,745,119,68,138,-1,-1,-1,-1
43,20,1079,217,181,156,-1,-1,-1,-1
43,21,1389,253,176,175,-1,-1,-1,-1
43,25,687,476,123,260,-1,-1,-1,-1
43,26,1281,457,122,267,-1,-1,-1,-1
44,1,171,267,268,243,-1,-1,-1,-1
44,3,380,176,297,133,-1,-1,-1,-1
44,4,788,5,129,168,-1,-1,-1,-1
44,14,746,119,66,132,-1,-1,-1,-1
44,20,1078,208,176,151,-1,-1,-1,-1
44,21,1377,242,177,172,-1,-1,-1,-1
44,25,695,457,121,257,-1,-1,-1,-1
44,26,1274,437,113,248,-1,-1,-1,-1
45,1,154,262,278,246,-1,-1,-1,-1
45,3,386,174,293,134,-1,-1,-1,-1
45,4,790,4,126,162,-1,-1,-1,-1
45,14,749,114,66,130,-1,-1,-1,-1
45,20,1073,196,174,149,-1,-1,-1,-1
45,21,1365,228,173,165,-1,-1,-1,-1
45,25,706,431,119,252,-1,-1,-1,-1
45,26,1262,408,106,234,-1,-1,-1,-1
46,1,144,259,284,246,-1,-1,-1,-1
46,3,390,172,291,134,-1,-1,-1,-1
46,4,791,6,122,157,-1,-1,-1,-1
46,14,749,110,66,130,-1,-1,-1,-1
46,20,1072,188,172,147,-1,-1,-1,-1
46,21,1356,219,173,160,-1,-1,-1,-1
46,25,715,414,116,245,-1,-1,-1,-1
46,26,1253,387,103,226,-1,-1,-1,-1
46,27,1765,700,128,358,-1,-1,-1,-1
47,1,133,257,290,245,-1,-1,-1,-1
47,3,395,171,287,135,-1,-1,-1,-1
47,4,794,5,119,152,-1,-1,-1,-1
47,14,751,106,65,128,-1,-1,-1,-1
47,20,1071,180,165,140,-1,-1,-1,-1
47,21,1343,206,170,154,-1,-1,-1,-1
47,25,726,397,111,233,-1,-1,-1,-1
47,26,1243,365,97,214,-1,-1,-1,-1
47,27,1746,644,132,360,-1,-1,-1,-1
48,1,123,255,293,243,-1,-1,-1,-1
48,3,401,168,285,136,-1,-1,-1,-1
48,4,797,5,115,146,-1,-1,-1,-1
48,14,754,105,62,121,-1,-1,-1,-1
48,20,1066,168,163,138,-1,-1,-1,-1
48,21,1331,192,169,151,-1,-1,-1,-1
48,25,737,374,107,223,-1,-1,-1,-1
48,26,1230,342,95,208,-1,-1,-1,-1
48,27,1727,592,132,344,-1,-1,-1,-1
49,1,117,254,296,241,-1,-1,-1,-1
49,3,405,165,282,137,-1,-1,-1,-1
49,4,798,5,113,142,-1,-1,-1,-1
49,14,757,91,65,128,-1,-1,-1,-1
49,20,1063,160,162,137,-1,-1,-1,-1
49,21,1325,184,165,145,-1,-1,-1,-1
49,25,744,360,105,216,-1,-1,-1,-1
49,26,1224,327,92,201,-1,-1,-1,-1
49,27,1715,557,134,329,-1,-1,-1,-1
50,1,107,253,300,241,-1,-1,-1,-1
50,3,411,165,275,137,-1,-1,-1,-1
50,4,799,5,111,138,-1,-1,-1,-1
50,14,758,84,64,129,-1,-1,-1,-1
50,20,1062,155,156,131,-1,-1,-1,-1
50,21,1314,176,162,140,-1,-1,-1,-1
50,25,753,343,103,210,-1,-1,-1,-1
50,26,1214,306,90,196,-1,-1,-1,-1
50,27,1698,523,134,299,-1,-1,-1,-1
51,1,97,251,302,240,-1,-1,-1,-1
51,3,421,164,266,135,-1,-1,-1,-1
51,4,800,5,109,134,-1,-1,-1,-1
51,14,761,82,63,126,-1,-1,-1,-1
51,20,1059,146,150,127,-1,-1,-1,-1
51,21,1303,166,158,136,-1,-1,-1,-1
51,25,762,324,103,208,-1,-1,-1,-1
51,26,1204,287,86,188,-1,-1,-1,-1
51,27,1678,477,144,291,-1,-1,-1,-1
51,29,964,722,739,340,-1,-1,-1,-1
52,1,86,247,304,238,-1,-1,-1,-1
52,3,430,163,256,132,-1,-1,-1,-1
52,4,800,7,107,128,-1,-1,-1,-1
52,14,764,75,62,124,-1,-1,-1,-1
52,20,1054,134,150,127,-1,-1,-1,-1
52,21,1292,152,154,131,-1,-1,-1,-1
52,25,771,305,101,202,-1,-1,-1,-1
52,26,1194,262,85,185,-1,-1,-1,-1
52,27,1652,441,148,270,-1,-1,-1,-1
52,29,936,661,751,352,-1,-1,-1,-1
53,1,77,245,305,236,-1,-1,-1,-1
53,3,438,161,249,131,-1,-1,-1,-1
53,4,800,7,104,123,-1,-1,-1,-1
53,14,767,69,61,122,-1,-1,-1,-1
53,20,1051,124,149,127,-1,-1,-1,-1
53,21,1281,137,158,134,-1,-1,-1,-1
53,25,779,289,98,194,-1,-1,-1,-1
53,26,1185,243,82,179,-1,-1,-1,-1
53,27,1614,402,154,258,-1,-1,-1,-1
53,29,941,605,701,336,-1,-1,-1,-1
54,1,72,245,301,231,-1,-1,-1,-1
54,3,443,160,243,130,-1,-1,-1,-1
54,4,801,5,102,118,-1,-1,-1,-1
54,14,769,62,60,121,-1,-1,-1,-1
54,20,1050,117,142,121,-1,-1,-1,-1
54,21,1271,126,156,132,-1,-1,-1,-1
54,25,787,271,97,191,-1,-1,-1,-1
54,26,1179,226,79,172,-1,-1,-1,-1
54,27,1578,370,157,246,-1,-1,-1,-1
54,29,948,553,649,319,-1,-1,-1,-1
55,1,59,242,303,230,-1,-1,-1,-1
55,3,449,157,239,131,-1,-1,-1,-1
55,4,800,6,101,115,-1,-1,-1,-1
55,20,1048,109,140,119,-1,-1,-1,-1
55,21,1264,119,149,126,-1,-1,-1,-1
55,25,794,257,94,185,-1,-1,-1,-1
55,26,1171,210,77,168,-1,-1,-1,-1
55,27,1548,348,155,226,-1,-1,-1,-1
55,29,957,510,590,299,-1,-1,-1,-1
56,1,49,239,303,227,-1,-1,-1,-1
56,3,455,155,233,130,-1,-1,-1,-1
56,4,801,5,97,111,-1,-1,-1,-1
56,20,1044,98,142,122,-1,-1,-1,-1
56,21,1254,109,149,126,-1,-1,-1,-1
56,25,801,243,92,182,-1,-1,-1,-1
56,26,1165,196,74,160,-1,-1,-1,-1
56,27,1521,325,154,210,-1,-1,-1,-1
56,29,971,468,532,278,-1,-1,-1,-1
57,1,40,238,305,227,-1,-1,-1,-1
57,3,462,152,227,129,-1,-1,-1,-1
57,4,803,4,93,106,-1,-1,-1,-1
57,20,1044,91,137,118,-1,-1,-1,-1
57,21,1245,97,152,129,-1,-1,-1,-1
57,25,807,230,89,175,-1,-1,-1,-1
57,26,1158,179,73,157,-1,-1,-1,-1
57,27,1496,310,154,197,-1,-1,-1,-1
57,29,980,432,487,262,-1,-1,-1,-1
58,1,32,237,303,223,-1,-1,-1,-1
58,3,469,150,221,128,-1,-1,-1,-1
58,4,804,3,89,102,-1,-1,-1,-1
58,20,1043,84,134,116,-1,-1,-1,-1
58,21,1239,91,144,122,-1,-1,-1,-1
58,25,812,218,86,170,-1,-1,-1,-1
58,26,1153,162,72,158,-1,-1,-1,-1
58,27,1470,289,156,191,-1,-1,-1,-1
58,29,993,402,440,244,-1,-1,-1,-1
59,1,28,236,297,218,-1,-1,-1,-1
59,3,475,148,215,127,-1,-1,-1,-1
59,20,1043,77,131,113,-1,-1,-1,-1
59,21,1233,83,140,118,-1,-1,-1,-1
59,25,816,205,86,168,-1,-1,-1,-1
59,26,1150,148,70,153,-1,-1,-1,-1
59,27,1451,267,155,182,-1,-1,-1,-1
59,29,1002,374,404,231,-1,-1,-1,-1
60,1,21,237,293,213,-1,-1,-1,-1
60,3,480,145,210,126,-1,-1,-1,-1
60,20,1043,71,131,113,-1,-1,-1,-1
60,21,1230,76,135,114,-1,-1,-1,-1
60,25,820,194,84,162,-1,-1,-1,-1
60,26,1144,135,69,151,-1,-1,-1,-1
60,27,1430,248,157,177,-1,-1,-1,-1
60,29,1007,346,376,221,-1,-1,-1,-1
60,32,1423,721,273,325,-1,-1,-1,-1
61,1,20,239,285,207,-1,-1,-1,-1
61,3,485,142,204,124,-1,-1,-1,-1
61,20,1038,59,133,116,-1,-1,-1,-1
61,21,1222,68,135,115,-1,-1,-1,-1
61,25,823,181,83,160,-1,-1,-1,-1
61,26,1139,132,65,140,-1,-1,-1,-1
61,27,1410,232,156,168,-1,-1,-1,-1
61,29,1011,320,353,214,-1,-1,-1,-1
61,32,1384,648,269,325,-1,-1,-1,-1
61,34,1740,682,155,345,-1,-1,-1,-1
62,1,19,238,280,206,-1,-1,-1,-1
62,3,490,140,199,123,-1,-1,-1,-1
62,20,1035,51,132,117,-1,-1,-1,-1
62,21,1213,57,137,118,-1,-1,-1,-1
62,25,827,173,81,155,-1,-1,-1,-1
62,26,1134,126,62,130,-1,-1,-1,-1
62,27,1393,214,159,165,-1,-1,-1,-1
62,29,1020,302,317,196,-1,-1,-1,-1
62,32,1354,578,254,313,-1,-1,-1,-1
62,34,1719,629,155,336,-1,-1,-1,-1
62,35,417,795,398,278,-1,-1,-1,-1
63,1,20,234,279,210,-1,-1,-1,-1
63,3,495,137,198,125,-1,-1,-1,-1
63,20,1033,39,132,118,-1,-1,-1,-1
63,21,1205,46,131,115,-1,-1,-1,-1
63,25,832,157,79,151,-1,-1,-1,-1
63,26,1114,82,74,158,-1,-1,-1,-1
63,27,1371,192,152,154,-1,-1,-1,-1
63,29,1025,274,282,179,-1,-1,-1,-1
63,32,1322,529,264,326,-1,-1,-1,-1
63,34,1692,550,147,299,-1,-1,-1,-1
64,1,23,233,267,207,-1,-1,-1,-1
64,3,502,131,195,124,-1,-1,-1,-1
64,20,1035,31,125,113,-1,-1,-1,-1
64,21,1200,36,124,108,-1,-1,-1,-1
64,25,835,141,78,149,-1,-1,-1,-1
64,26,1113,83,63,132,-1,-1,-1,-1
64,27,1350,170,150,148,-1,-1,-1,-1
64,29,1024,242,263,171,-1,-1,-1,-1
64,32,1289,479,275,339,-1,-1,-1,-1
64,34,1661,483,146,272,-1,-1,-1,-1
65,1,23,232,257,204,-1,-1,-1,-1
65,3,508,130,191,123,-1,-1,-1,-1
65,20,1037,27,122,110,-1,-1,-1,-1
65,21,1194,29,121,106,-1,-1,-1,-1
65,25,836,130,78,147,-1,-1,-1,-1
65,26,1113,87,57,116,-1,-1,-1,-1
65,27,1334,154,149,144,-1,-1,-1,-1
65,29,1028,224,243,161,-1,-1,-1,-1
65,32,1256,430,286,352,-1,-1,-1,-1
65,34,1622,442,145,248,-1,-1,-1,-1
65,36,638,553,138,275,-1,-1,-1,-1
65,37,1312,387,106,236,-1,-1,-1,-1
66,1,24,232,250,204,-1,-1,-1,-1
66,3,513,128,187,122,-1,-1,-1,-1
66,20,1034,23,114,105,-1,-1,-1,-1
66,21,1191,23,123,108,-1,-1,-1,-1
66,25,836,121,78,148,-1,-1,-1,-1
66,26,1112,87,54,109,-1,-1,-1,-1
66,27,1327,147,144,137,-1,-1,-1,-1
66,29,1030,214,233,158,-1,-1,-1,-1
66,34,1596,416,153,242,-1,-1,-1,-1
66,36,648,524,136,270,-1,-1,-1,-1
66,37,1301,366,103,229,-1,-1,-1,-1
67,1,5,227,256,215,-1,-1,-1,-1
67,3,517,127,185,122,-1,-1,-1,-1
67,20,1031,18,114,105,-1,-1,-1,-1
67,21,1186,20,122,107,-1,-1,-1,-1
67,25,838,116,76,144,-1,-1,-1,-1
67,26,1112,85,52,103,-1,-1,-1,-1
67,27,1321,141,140,130,-1,-1,-1,-1
67,29,1028,199,227,157,-1,-1,-1,-1
67,34,1568,391,157,230,-1,-1,-1,-1
67,36,663,489,130,257,-1,-1,-1,-1
67,37,1288,335,101,223,-1,-1,-1,-1
68,1,-5,224,256,221,-1,-1,-1,-1
68,3,522,124,180,120,-1,-1,-1,-1
68,20,1030,16,112,104,-1,-1,-1,-1
68,21,1183,16,119,105,-1,-1,-1,-1
68,25,839,110,75,142,-1,-1,-1,-1
68,26,1110,76,53,104,-1,-1,-1,-1
68,27,1313,132,142,131,-1,-1,-1,-1
68,29,1031,190,215,151,-1,-1,-1,-1
68,34,1545,372,165,227,-1,-1,-1,-1
68,36,671,464,127,253,-1,-1,-1,-1
68,37,1280,318,97,215,-1,-1,-1,-1
69,1,-11,222,243,214,-1,-1,-1,-1
69,3,526,120,178,120,-1,-1,-1,-1
69,20,1030,10,110,102,-1,-1,-1,-1
69,21,1179,10,116,102,-1,-1,-1,-1
69,25,839,102,73,136,-1,-1,-1,-1
69,26,1105,66,50,99,-1,-1,-1,-1
69,27,1301,119,141,128,-1,-1,-1,-1
69,29,1028,172,205,147,-1,-1,-1,-1
69,34,1511,344,162,209,-1,-1,-1,-1
69,36,687,424,122,243,-1,-1,-1,-1
69,37,1262,286,92,203,-1,-1,-1,-1
70,1,-17,220,237,213,-1,-1,-1,-1
70,3,531,116,176,120,-1,-1,-1,-1
70,20,1028,5,112,104,-1,-1,-1,-1
70,21,1176,4,114,101,-1,-1,-1,-1
70,25,838,90,75,141,-1,-1,-1,-1
70,26,1101,56,48,95,-1,-1,-1,-1
70,27,1294,110,136,123,-1,-1,-1,-1
70,29,1028,159,198,145,-1,-1,-1,-1
70,34,1488,323,158,193,-1,-1,-1,-1
70,36,701,397,113,225,-1,-1,-1,-1
70,37,1250,262,88,194,-1,-1,-1,-1
71,1,-28,215,237,219,-1,-1,-1,-1
71,3,536,114,173,118,-1,-1,-1,-1
71,20,1027,-1,110,103,-1,-1,-1,-1
71,21,1173,1,112,100,-1,-1,-1,-1
71,25,839,86,72,135,-1,-1,-1,-1
71,26,1097,46,46,90,-1,-1,-1,-1
71,27,1286,102,132,118,-1,-1,-1,-1
71,29,1032,152,185,137,-1,-1,-1,-1
71,34,1463,304,160,186,-1,-1,-1,-1
71,36,712,371,109,216,-1,-1,-1,-1
71,37,1242,242,83,185,-1,-1,-1,-1
71,38,1703,766,217,301,-1,-1,-1,-1
72,3,544,113,169,117,-1,-1,-1,-1
72,20,1025,-8,109,101,-1,-1,-1,-1
72,21,1168,-1,109,98,-1,-1,-1,-1
72,25,840,83,71,131,-1,-1,-1,-1
72,27,1279,96,130,115,-1,-1,-1,-1
72,29,1034,145,173,129,-1,-1,-1,-1
72,34,1444,287,158,175,-1,-1,-1,-1
72,36,722,344,106,209,-1,-1,-1,-1
72,37,1233,220,81,178,-1,-1,-1,-1
72,38,1667,701,251,348,-1,-1,-1,-1
73,3,550,106,168,117,-1,-1,-1,-1
73,20,1023,-15,108,100,-1,-1,-1,-1
73,21,1161,-2,100,89,-1,-1,-1,-1
73,25,840,74,68,125,-1,-1,-1,-1
73,27,1265,81,124,109,-1,-1,-1,-1
73,29,1033,123,165,125,-1,-1,-1,-1
73,34,1409,248,152,162,-1,-1,-1,-1
73,36,738,303,98,192,-1,-1,-1,-1
73,37,1217,184,74,162,-1,-1,-1,-1
73,38,1632,591,250,337,-1,-1,-1,-1
74,3,552,101,169,119,-1,-1,-1,-1
74,21,1163,-2,92,81,-1,-1,-1,-1
74,25,839,68,67,122,-1,-1,-1,-1
74,27,1258,72,123,107,-1,-1,-1,-1
74,29,1032,111,160,122,-1,-1,-1,-1
74,34,1392,231,151,155,-1,-1,-1,-1
74,36,747,283,96,186,-1,-1,-1,-1
74,37,1212,169,70,153,-1,-1,-1,-1
74,38,1614,534,245,320,-1,-1,-1,-1
74,40,1035,-2,97,98,-1,-1,-1,-1
75,3,557,99,167,118,-1,-1,-1,-1
75,21,1158,-2,90,77,-1,-1,-1,-1
75,25,838,63,68,122,-1,-1,-1,-1
75,27,1249,63,126,110,-1,-1,-1,-1
75,29,1026,95,164,128,-1,-1,-1,-1
75,34,1376,214,155,154,-1,-1,-1,-1
75,36,754,265,93,180,-1,-1,-1,-1
75,37,1205,157,69,150,-1,-1,-1,-1
75,38,1590,488,241,303,-1,-1,-1,-1
75,40,1034,-3,95,96,-1,-1,-1,-1
76,3,564,97,163,116,-1,-1,-1,-1
76,21,1154,-2,89,74,-1,-1,-1,-1
76,25,836,53,70,127,-1,-1,-1,-1
76,27,1245,57,123,106,-1,-1,-1,-1
76,29,1027,90,157,124,-1,-1,-1,-1
76,34,1361,197,154,149,-1,-1,-1,-1
76,36,761,249,92,177,-1,-1,-1,-1
76,37,1200,143,67,146,-1,-1,-1,-1
76,38,1562,450,236,285,-1,-1,-1,-1
76,40,1032,-1,88,88,-1,-1,-1,-1
76,41,950,723,877,339,-1,-1,-1,-1
77,3,570,95,158,114,-1,-1,-1,-1
77,21,1150,-6,84,70,-1,-1,-1,-1
77,25,836,45,69,127,-1,-1,-1,-1
77,27,1238,48,123,106,-1,-1,-1,-1
77,29,1026,79,155,124,-1,-1,-1,-1
77,34,1349,185,150,141,-1,-1,-1,-1
77,36,766,234,89,170,-1,-1,-1,-1
77,37,1197,128,65,142,-1,-1,-1,-1
77,38,1529,415,229,268,-1,-1,-1,-1
77,40,1032,0,83,83,-1,-1,-1,-1
77,41,887,683,975,377,-1,-1,-1,-1
78,3,576,90,158,115,-1,-1,-1,-1
78,21,1146,-9,80,67,-1,-1,-1,-1
78,25,835,37,68,126,-1,-1,-1,-1
78,27,1224,37,125,109,-1,-1,-1,-1
78,29,1015,51,169,141,-1,-1,-1,-1
78,34,1330,169,148,137,-1,-1,-1,-1
78,36,775,215,86,164,-1,-1,-1,-1
78,37,1191,118,62,135,-1,-1,-1,-1
78,38,1493,376,219,248,-1,-1,-1,-1
78,40,1032,0,78,78,-1,-1,-1,-1
78,41,824,643,1072,415,-1,-1,-1,-1
79,3,582,89,153,113,-1,-1,-1,-1
79,21,1142,-13,76,63,-1,-1,-1,-1
79,25,834,32,68,128,-1,-1,-1,-1
79,27,1215,31,126,110,-1,-1,-1,-1
79,29,1015,42,167,143,-1,-1,-1,-1
79,34,1320,158,149,135,-1,-1,-1,-1
79,36,779,205,84,159,-1,-1,-1,-1
79,37,1189,112,59,129,-1,-1,-1,-1
79,38,1473,355,216,235,-1,-1,-1,-1
79,40,1032,0,74,74,-1,-1,-1,-1
79,41,762,603,1170,452,-1,-1,-1,-1
79,42,1151,536,319,297,-1,-1,-1,-1
80,3,586,87,149,111,-1,-1,-1,-1
80,25,834,24,67,126,-1,-1,-1,-1
80,27,1214,28,125,111,-1,-1,-1,-1
80,29,1019,41,157,138,-1,-1,-1,-1
80,34,1314,149,152,137,-1,-1,-1,-1
80,36,781,198,83,157,-1,-1,-1,-1
80,37,1186,102,60,132,-1,-1,-1,-1
80,38,1457,338,215,229,-1,-1,-1,-1
80,42,1140,508,313,292,-1,-1,-1,-1
80,43,1143,0,96,57,-1,-1,-1,-1
81,3,590,87,145,108,-1,-1,-1,-1
81,25,835,16,67,125,-1,-1,-1,-1
81,27,1209,22,124,110,-1,-1,-1,-1
81,29,1022,38,148,134,-1,-1,-1,-1
81,34,1306,143,149,132,-1,-1,-1,-1
81,36,784,187,82,154,-1,-1,-1,-1
81,37,1185,93,59,130,-1,-1,-1,-1
81,38,1436,319,211,220,-1,-1,-1,-1
81,42,1136,471,296,276,-1,-1,-1,-1
81,43,1144,0,93,55,-1,-1,-1,-1
82,3,593,83,147,110,-1,-1,-1,-1
82,25,835,8,66,124,-1,-1,-1,-1
82,27,1210,23,113,100,-1,-1,-1,-1
82,29,1022,37,140,129,-1,-1,-1,-1
82,34,1297,133,147,129,-1,-1,-1,-1
82,36,787,175,81,151,-1,-1,-1,-1
82,37,1185,87,57,124,-1,-1,-1,-1
82,38,1418,304,206,208,-1,-1,-1,-1
82,42,1130,433,277,259,-1,-1,-1,-1
82,43,1144,0,90,53,-1,-1,-1,-1
83,3,595,80,148,111,-1,-1,-1,-1
83,27,1209,21,109,97,-1,-1,-1,-1
83,29,1025,35,132,124,-1,-1,-1,-1
83,34,1288,123,145,126,-1,-1,-1,-1
83,36,790,166,79,147,-1,-1,-1,-1
83,37,1183,81,55,118,-1,-1,-1,-1
83,38,1400,289,198,196,-1,-1,-1,-1
83,42,1126,397,260,243,-1,-1,-1,-1
83,43,1145,0,88,52,-1,-1,-1,-1
84,3,601,78,144,109,-1,-1,-1,-1
84,27,1206,17,106,94,-1,-1,-1,-1
84,29,1025,25,132,125,-1,-1,-1,-1
84,34,1280,115,140,120,-1,-1,-1,-1
84,36,793,157,78,145,-1,-1,-1,-1
84,37,1180,72,53,115,-1,-1,-1,-1
84,38,1384,270,193,187,-1,-1,-1,-1
84,42,1118,366,248,232,-1,-1,-1,-1
85,3,604,75,143,109,-1,-1,-1,-1
85,27,1205,13,102,90,-1,-1,-1,-1
85,29,1023,14,130,124,-1,-1,-1,-1
85,34,1274,109,136,117,-1,-1,-1,-1
85,36,796,146,77,144,-1,-1,-1,-1
85,37,1176,60,51,110,-1,-1,-1,-1
85,38,1372,250,189,179,-1,-1,-1,-1
85,42,1113,338,235,220,-1,-1,-1,-1
86,3,608,70,141,108,-1,-1,-1,-1
86,27,1204,10,98,85,-1,-1,-1,-1
86,29,1021,4,128,122,-1,-1,-1,-1
86,34,1263,96,137,117,-1,-1,-1,-1
86,36,798,129,76,142,-1,-1,-1,-1
86,37,1172,48,49,105,-1,-1,-1,-1
86,38,1353,227,183,171,-1,-1,-1,-1
86,42,1108,308,215,201,-1,-1,-1,-1
87,3,610,67,141,108,-1,-1,-1,-1
87,27,1204,8,99,85,-1,-1,-1,-1
87,29,1019,-6,127,120,-1,-1,-1,-1
87,34,1259,90,134,114,-1,-1,-1,-1
87,36,800,121,75,141,-1,-1,-1,-1
87,37,1167,36,47,101,-1,-1,-1,-1
87,38,1343,216,180,166,-1,-1,-1,-1
87,42,1105,292,205,191,-1,-1,-1,-1
88,3,611,65,142,109,-1,-1,-1,-1
88,27,1200,3,96,82,-1,-1,-1,-1
88,34,1252,83,134,113,-1,-1,-1,-1
88,36,801,115,74,141,-1,-1,-1,-1
88,38,1337,207,181,164,-1,-1,-1,-1
88,42,1100,278,203,188,-1,-1,-1,-1
88,44,1733,668,174,362,-1,-1,-1,-1
89,3,613,63,139,108,-1,-1,-1,-1
89,27,1196,-2,92,79,-1,-1,-1,-1
89,34,1245,71,136,115,-1,-1,-1,-1
89,36,804,109,72,136,-1,-1,-1,-1
89,38,1327,196,177,159,-1,-1,-1,-1
89,42,1095,259,197,182,-1,-1,-1,-1
89,44,1721,629,165,337,-1,-1,-1,-1
90,3,617,62,137,107,-1,-1,-1,-1
90,27,1192,-8,89,77,-1,-1,-1,-1
90,34,1243,71,132,112,-1,-1,-1,-1
90,36,806,105,70,132,-1,-1,-1,-1
90,38,1319,188,173,155,-1,-1,-1,-1
90,42,1092,247,192,177,-1,-1,-1,-1
90,44,1714,600,159,317,-1,-1,-1,-1
91,3,619,61,137,108,-1,-1,-1,-1
91,34,1240,69,131,110,-1,-1,-1,-1
91,36,807,103,69,129,-1,-1,-1,-1
91,38,1312,184,170,150,-1,-1,-1,-1
91,42,1088,237,190,175,-1,-1,-1,-1
91,44,1704,576,156,298,-1,-1,-1,-1
92,3,622,60,136,108,-1,-1,-1,-1
92,34,1229,55,142,121,-1,-1,-1,-1
92,36,809,99,69,129,-1,-1,-1,-1
92,38,1309,177,167,146,-1,-1,-1,-1
92,42,1087,230,184,168,-1,-1,-1,-1
92,44,1691,552,159,287,-1,-1,-1,-1
93,3,622,56,136,108,-1,-1,-1,-1
93,34,1223,52,134,114,-1,-1,-1,-1
93,36,809,85,71,134,-1,-1,-1,-1
93,38,1297,166,165,144,-1,-1,-1,-1
93,42,1086,218,178,162,-1,-1,-1,-1
93,44,1678,516,160,270,-1,-1,-1,-1
94,3,625,53,136,109,-1,-1,-1,-1
94,34,1220,44,130,110,-1,-1,-1,-1
94,36,812,80,69,131,-1,-1,-1,-1
94,38,1292,157,160,138,-1,-1,-1,-1
94,42,1083,203,172,156,-1,-1,-1,-1
94,44,1658,479,162,250,-1,-1,-1,-1
94,47,-22,827,285,246,-1,-1,-1,-1
95,3,626,49,136,110,-1,-1,-1,-1
95,34,1213,36,131,111,-1,-1,-1,-1
95,36,813,73,68,127,-1,-1,-1,-1
95,38,1284,149,155,133,-1,-1,-1,-1
95,42,1082,188,166,150,-1,-1,-1,-1
95,44,1622,446,162,233,-1,-1,-1,-1
95,47,-13,769,344,303,-1,-1,-1,-1
96,3,630,43,135,110,-1,-1,-1,-1
96,34,1212,36,119,100,-1,-1,-1,-1
96,36,811,40,76,148,-1,-1,-1,-1
96,38,1270,130,151,129,-1,-1,-1,-1
96,42,1075,163,159,143,-1,-1,-1,-1
96,44,1568,391,160,216,-1,-1,-1,-1
96,47,-14,737,380,334,-1,-1,-1,-1
97,3,634,38,134,111,-1,-1,-1,-1
97,34,1196,23,129,107,-1,-1,-1,-1
97,36,812,24,78,154,-1,-1,-1,-1
97,38,1263,117,146,125,-1,-1,-1,-1
97,42,1072,149,151,135,-1,-1,-1,-1
97,44,1532,359,158,200,-1,-1,-1,-1
97,47,-15,705,416,366,-1,-1,-1,-1
98,3,636,35,134,112,-1,-1,-1,-1
98,34,1191,16,129,107,-1,-1,-1,-1
98,36,815,12,77,157,-1,-1,-1,-1
98,38,1257,111,141,120,-1,-1,-1,-1
98,42,1068,136,147,131,-1,-1,-1,-1
98,44,1504,332,156,187,-1,-1,-1,-1
98,47,-16,674,452,398,-1,-1,-1,-1
98,48,227,600,140,295,-1,-1,-1,-1
99,3,641,30,133,113,-1,-1,-1,-1
99,34,1175,4,126,105,-1,-1,-1,-1
99,36,818,0,76,158,-1,-1,-1,-1
99,38,1245,96,135,114,-1,-1,-1,-1
99,42,1065,118,138,124,-1,-1,-1,-1
99,44,1467,298,150,170,-1,-1,-1,-1
99,48,278,549,128,270,-1,-1,-1,-1
99,49,1681,604,214,382,-1,-1,-1,-1
100,3,644,29,131,112,-1,-1,-1,-1
100,34,1171,2,122,102,-1,-1,-1,-1
100,36,820,-4,74,156,-1,-1,-1,-1
100,38,1240,90,131,110,-1,-1,-1,-1
100,42,1062,109,136,121,-1,-1,-1,-1
100,44,1448,283,147,159,-1,-1,-1,-1
100,48,302,524,123,258,-1,-1,-1,-1
100,49,1661,555,212,371,-1,-1,-1,-1
101,3,648,24,128,112,-1,-1,-1,-1
101,34,1166,1,107,88,-1,-1,-1,-1
101,36,825,-6,69,146,-1,-1,-1,-1
101,38,1218,63,138,116,-1,-1,-1,-1
101,42,1057,90,130,116,-1,-1,-1,-1
101,44,1411,243,145,150,-1,-1,-1,-1
101,48,345,470,116,242,-1,-1,-1,-1
101,49,1623,468,198,330,-1,-1,-1,-1
102,3,651,20,125,111,-1,-1,-1,-1
102,34,1159,-6,104,85,-1,-1,-1,-1
102,36,828,-7,65,137,-1,-1,-1,-1
102,38,1208,50,136,116,-1,-1,-1,-1
102,42,1055,77,125,112,-1,-1,-1,-1
102,44,1389,220,146,145,-1,-1,-1,-1
102,48,372,436,112,234,-1,-1,-1,-1
102,49,1583,414,190,303,-1,-1,-1,-1
103,3,655,18,122,109,-1,-1,-1,-1
103,34,1151,-13,100,82,-1,-1,-1,-1
103,36,830,-7,62,131,-1,-1,-1,-1
103,38,1201,40,136,117,-1,-1,-1,-1
103,42,1055,70,121,109,-1,-1,-1,-1
103,44,1371,204,144,139,-1,-1,-1,-1
103,48,393,412,111,231,-1,-1,-1,-1
103,49,1547,377,186,284,-1,-1,-1,-1
104,3,669,10,114,102,-1,-1,-1,-1
104,34,1144,-21,96,79,-1,-1,-1,-1
104,36,832,-15,61,129,-1,-1,-1,-1
104,38,1179,14,121,103,-1,-1,-1,-1
104,42,1041,28,117,105,-1,-1,-1,-1
104,44,1350,177,133,128,-1,-1,-1,-1
104,48,422,380,106,221,-1,-1,-1,-1
104,49,1522,328,180,274,-1,-1,-1,-1
105,3,677,5,110,97,-1,-1,-1,-1
105,36,834,-23,61,127,-1,-1,-1,-1
105,38,1166,2,115,98,-1,-1,-1,-1
105,42,1034,8,115,104,-1,-1,-1,-1
105,44,1329,149,122,118,-1,-1,-1,-1
105,48,450,347,102,211,-1,-1,-1,-1
105,49,1497,278,173,263,-1,-1,-1,-1
106,3,683,3,109,96,-1,-1,-1,-1
106,36,837,-32,60,125,-1,-1,-1,-1
106,38,1161,-2,111,95,-1,-1,-1,-1
106,42,1031,0,112,103,-1,-1,-1,-1
106,44,1309,122,111,107,-1,-1,-1,-1
106,48,478,314,97,201,-1,-1,-1,-1
106,49,1472,229,166,253,-1,-1,-1,-1
106,51,1073,369,261,239,-1,-1,-1,-1
106,52,507,276,93,181,-1,-1,-1,-1
106,53,1327,195,211,181,-1,-1,-1,-1
106,54,1265,104,142,107,-1,-1,-1,-1
107,3,687,2,105,91,-1,-1,-1,-1
107,38,1156,-5,102,86,-1,-1,-1,-1
107,42,1032,-5,104,95,-1,-1,-1,-1
107,51,1069,321,237,216,-1,-1,-1,-1
107,52,531,254,88,172,-1,-1,-1,-1
107,53,1300,158,202,174,-1,-1,-1,-1
107,54,1251,83,142,108,-1,-1,-1,-1
108,3,690,2,101,87,-1,-1,-1,-1
108,38,1146,-16,97,82,-1,-1,-1,-1
108,42,1032,-6,95,86,-1,-1,-1,-1
108,51,1066,287,214,194,-1,-1,-1,-1
108,52,549,238,85,166,-1,-1,-1,-1
108,53,1282,133,193,167,-1,-1,-1,-1
108,54,1243,72,128,97,-1,-1,-1,-1
109,3,691,0,101,86,-1,-1,-1,-1
109,38,1136,-28,91,77,-1,-1,-1,-1
109,42,1033,-7,90,80,-1,-1,-1,-1
109,51,1065,264,201,182,-1,-1,-1,-1
109,52,560,225,82,160,-1,-1,-1,-1
109,53,1260,106,204,177,-1,-1,-1,-1
109,54,1241,64,122,92,-1,-1,-1,-1
109,56,1609,544,242,295,-1,-1,-1,-1
110,3,693,0,99,83,-1,-1,-1,-1
110,38,1126,-39,86,73,-1,-1,-1,-1
110,42,1031,-19,84,74,-1,-1,-1,-1
110,51,1059,245,194,176,-1,-1,-1,-1
110,52,569,215,80,156,-1,-1,-1,-1
110,53,1252,89,197,172,-1,-1,-1,-1
110,54,1239,58,120,90,-1,-1,-1,-1
110,56,1579,498,234,279,-1,-1,-1,-1
111,3,697,-3,97,81,-1,-1,-1,-1
111,42,1028,-30,78,69,-1,-1,-1,-1
111,51,1060,230,184,165,-1,-1,-1,-1
111,52,575,207,79,155,-1,-1,-1,-1
111,53,1221,55,227,200,-1,-1,-1,-1
111,54,1235,50,115,86,-1,-1,-1,-1
111,56,1547,457,226,264,-1,-1,-1,-1
112,3,701,-5,95,79,-1,-1,-1,-1
112,42,1026,-42,71,63,-1,-1,-1,-1
112,51,1060,217,178,159,-1,-1,-1,-1
112,52,584,199,77,150,-1,-1,-1,-1
112,53,1216,45,220,197,-1,-1,-1,-1
112,54,1230,41,111,83,-1,-1,-1,-1
112,56,1513,417,221,252,-1,-1,-1,-1
113,3,705,-8,92,77,-1,-1,-1,-1
113,51,1057,202,174,153,-1,-1,-1,-1
113,52,591,192,75,147,-1,-1,-1,-1
113,53,1217,36,212,191,-1,-1,-1,-1
113,54,1225,32,106,79,-1,-1,-1,-1
113,56,1488,387,210,234,-1,-1,-1,-1
114,51,1053,187,171,150,-1,-1,-1,-1
114,52,598,185,74,144,-1,-1,-1,-1
114,53,1210,31,203,185,-1,-1,-1,-1
114,56,1463,360,201,218,-1,-1,-1,-1
115,51,1052,177,163,142,-1,-1,-1,-1
115,52,606,177,73,143,-1,-1,-1,-1
115,53,1213,37,181,166,-1,-1,-1,-1
115,56,1439,335,195,207,-1,-1,-1,-1
116,51,1051,169,162,140,-1,-1,-1,-1
116,52,608,169,75,146,-1,-1,-1,-1
116,53,1205,23,182,170,-1,-1,-1,-1
116,56,1426,321,193,200,-1,-1,-1,-1
117,51,1048,160,160,138,-1,-1,-1,-1
117,52,614,163,73,142,-1,-1,-1,-1
117,53,1201,14,180,170,-1,-1,-1,-1
117,56,1406,299,195,197,-1,-1,-1,-1
118,51,1047,149,153,130,-1,-1,-1,-1
118,52,623,157,71,138,-1,-1,-1,-1
118,53,1195,10,172,163,-1,-1,-1,-1
118,56,1386,278,181,178,-1,-1,-1,-1
118,57,32,810,249,259,-1,-1,-1,-1
119,51,1044,131,151,128,-1,-1,-1,-1
119,52,632,148,71,138,-1,-1,-1,-1
119,53,1191,8,157,151,-1,-1,-1,-1
119,56,1359,249,179,172,-1,-1,-1,-1
119,57,63,738,292,310,-1,-1,-1,-1
120,51,1039,101,146,124,-1,-1,-1,-1
120,52,646,131,68,132,-1,-1,-1,-1
120,53,1183,1,140,135,-1,-1,-1,-1
120,56,1326,201,159,150,-1,-1,-1,-1
120,57,78,699,323,343,-1,-1,-1,-1
121,51,1038,86,139,118,-1,-1,-1,-1
121,52,655,122,66,126,-1,-1,-1,-1
121,53,1180,0,125,120,-1,-1,-1,-1
121,56,1302,172,150,139,-1,-1,-1,-1
121,57,92,660,354,376,-1,-1,-1,-1
122,51,1035,78,137,116,-1,-1,-1,-1
122,52,659,117,65,124,-1,-1,-1,-1
122,53,1178,0,120,115,-1,-1,-1,-1
122,56,1292,160,149,136,-1,-1,-1,-1
122,57,106,621,386,409,-1,-1,-1,-1
122,58,295,545,138,260,-1,-1,-1,-1
123,51,1034,68,131,111,-1,-1,-1,-1
123,52,664,111,64,121,-1,-1,-1,-1
123,53,1177,0,111,105,-1,-1,-1,-1
123,56,1278,145,148,133,-1,-1,-1,-1
123,58,322,509,131,246,-1,-1,-1,-1
124,51,1031,58,132,113,-1,-1,-1,-1
124,52,667,107,64,120,-1,-1,-1,-1
124,53,1174,0,107,99,-1,-1,-1,-1
124,56,1267,131,147,131,-1,-1,-1,-1
124,58,344,482,125,235,-1,-1,-1,-1
125,51,1029,44,129,112,-1,-1,-1,-1
125,52,676,96,63,118,-1,-1,-1,-1
125,53,1167,-2,100,91,-1,-1,-1,-1
125,56,1254,111,137,121,-1,-1,-1,-1
125,58,381,433,119,224,-1,-1,-1,-1
126,51,1027,38,124,108,-1,-1,-1,-1
126,52,681,87,62,116,-1,-1,-1,-1
126,53,1163,-2,95,83,-1,-1,-1,-1
126,56,1242,96,137,120,-1,-1,-1,-1
126,58,404,405,114,215,-1,-1,-1,-1
127,51,1027,32,119,105,-1,-1,-1,-1
127,52,684,80,62,115,-1,-1,-1,-1
127,53,1164,-1,90,77,-1,-1,-1,-1
127,56,1234,85,136,118,-1,-1,-1,-1
127,58,420,386,109,205,-1,-1,-1,-1
127,61,1708,631,186,370,-1,-1,-1,-1
127,62,1327,551,151,311,-1,-1,-1,-1
128,51,1026,24,119,106,-1,-1,-1,-1
128,52,688,76,62,114,-1,-1,-1,-1
128,53,1161,-1,88,72,-1,-1,-1,-1
128,56,1228,76,134,115,-1,-1,-1,-1
128,58,436,369,106,199,-1,-1,-1,-1
128,61,1694,585,172,333,-1,-1,-1,-1
128,62,1301,492,144,296,-1,-1,-1,-1
129,51,1026,18,117,105,-1,-1,-1,-1
129,52,691,72,62,112,-1,-1,-1,-1
129,53,1161,-1,86,68,-1,-1,-1,-1
129,56,1222,69,131,112,-1,-1,-1,-1
129,58,446,354,105,197,-1,-1,-1,-1
129,61,1680,534,166,306,-1,-1,-1,-1
129,62,1279,443,137,284,-1,-1,-1,-1
130,51,1025,14,114,102,-1,-1,-1,-1
130,52,695,65,62,113,-1,-1,-1,-1
130,53,1159,-3,79,62,-1,-1,-1,-1
130,56,1214,58,134,114,-1,-1,-1,-1
130,58,458,340,103,192,-1,-1,-1,-1
130,61,1657,491,165,287,-1,-1,-1,-1
130,62,1267,401,124,257,-1,-1,-1,-1
131,51,1025,8,113,101,-1,-1,-1,-1
131,52,699,61,61,111,-1,-1,-1,-1
131,53,1158,-5,71,56,-1,-1,-1,-1
131,56,1208,51,130,111,-1,-1,-1,-1
131,58,470,324,101,189,-1,-1,-1,-1
131,61,1618,448,163,266,-1,-1,-1,-1
131,62,1251,365,117,241,-1,-1,-1,-1
132,51,1025,2,110,99,-1,-1,-1,-1
132,52,702,56,60,110,-1,-1,-1,-1
132,53,1156,-7,63,50,-1,-1,-1,-1
132,56,1202,45,123,105,-1,-1,-1,-1
132,58,487,309,95,177,-1,-1,-1,-1
132,61,1569,397,162,250,-1,-1,-1,-1
132,62,1232,323,111,229,-1,-1,-1,-1
133,51,1024,-1,107,96,-1,-1,-1,-1
133,52,706,54,57,104,-1,-1,-1,-1
133,56,1198,36,122,104,-1,-1,-1,-1
133,58,497,293,92,171,-1,-1,-1,-1
133,61,1530,361,162,236,-1,-1,-1,-1
133,62,1218,290,107,219,-1,-1,-1,-1
134,51,1023,-3,104,92,-1,-1,-1,-1
134,52,709,47,59,107,-1,-1,-1,-1
134,56,1193,28,124,106,-1,-1,-1,-1
134,58,505,279,91,170,-1,-1,-1,-1
134,61,1501,336,158,218,-1,-1,-1,-1
134,62,1206,264,102,209,-1,-1,-1,-1
135,51,1024,-3,101,88,-1,-1,-1,-1
135,52,710,39,60,110,-1,-1,-1,-1
135,56,1186,19,124,106,-1,-1,-1,-1
135,58,513,267,91,169,-1,-1,-1,-1
135,61,1478,316,151,199,-1,-1,-1,-1
135,62,1197,240,97,199,-1,-1,-1,-1
136,51,1024,-10,97,85,-1,-1,-1,-1
136,52,712,35,60,111,-1,-1,-1,-1
136,56,1183,13,121,104,-1,-1,-1,-1
136,58,522,258,89,164,-1,-1,-1,-1
136,61,1452,294,153,193,-1,-1,-1,-1
136,62,1188,220,92,189,-1,-1,-1,-1
137,51,1023,-16,94,82,-1,-1,-1,-1
137,52,713,33,58,109,-1,-1,-1,-1
137,56,1178,7,120,103,-1,-1,-1,-1
137,58,530,245,88,163,-1,-1,-1,-1
137,61,1429,276,149,178,-1,-1,-1,-1
137,62,1179,199,89,183,-1,-1,-1,-1
138,51,1022,-23,90,79,-1,-1,-1,-1
138,52,715,31,57,107,-1,-1,-1,-1
138,56,1170,-3,117,101,-1,-1,-1,-1
138,58,540,237,85,158,-1,-1,-1,-1
138,61,1407,252,154,177,-1,-1,-1,-1
138,62,1172,180,87,178,-1,-1,-1,-1
139,52,717,24,58,111,-1,-1,-1,-1
139,56,1163,-14,114,98,-1,-1,-1,-1
139,58,548,226,83,154,-1,-1,-1,-1
139,61,1391,234,151,168,-1,-1,-1,-1
139,62,1165,169,81,167,-1,-1,-1,-1
140,52,720,22,56,108,-1,-1,-1,-1
140,56,1156,-24,112,96,-1,-1,-1,-1
140,58,557,221,80,148,-1,-1,-1,-1
140,61,1373,218,152,163,-1,-1,-1,-1
140,62,1161,155,78,160,-1,-1,-1,-1
141,52,723,18,54,105,-1,-1,-1,-1
141,58,567,208,79,146,-1,-1,-1,-1
141,61,1355,198,146,151,-1,-1,-1,-1
141,62,1153,137,75,154,-1,-1,-1,-1
142,52,726,15,53,103,-1,-1,-1,-1
142,58,574,198,78,144,-1,-1,-1,-1
142,61,1337,180,147,148,-1,-1,-1,-1
142,62,1145,117,76,156,-1,-1,-1,-1
143,52,727,13,52,102,-1,-1,-1,-1
143,58,582,189,76,141,-1,-1,-1,-1
143,61,1324,166,142,140,-1,-1,-1,-1
143,62,1141,104,74,150,-1,-1,-1,-1
144,52,728,11,51,101,-1,-1,-1,-1
144,58,590,182,74,136,-1,-1,-1,-1
144,61,1311,150,144,140,-1,-1,-1,-1
144,62,1138,93,70,142,-1,-1,-1,-1
145,52,730,8,51,100,-1,-1,-1,-1
145,58,598,172,73,135,-1,-1,-1,-1
145,61,1293,129,150,145,-1,-1,-1,-1
145,62,1129,73,72,145,-1,-1,-1,-1
146,52,733,6,50,99,-1,-1,-1,-1
146,58,603,163,73,135,-1,-1,-1,-1
146,61,1283,117,145,138,-1,-1,-1,-1
146,62,1125,61,71,143,-1,-1,-1,-1
147,52,737,7,47,93,-1,-1,-1,-1
147,58,609,157,73,132,-1,-1,-1,-1
147,61,1274,108,141,132,-1,-1,-1,-1
147,62,1122,52,70,141,-1,-1,-1,-1
148,52,739,5,46,90,-1,-1,-1,-1
148,58,615,149,73,132,-1,-1,-1,-1
148,61,1253,77,164,154,-1,-1,-1,-1
148,62,1119,47,67,135,-1,-1,-1,-1
149,52,742,5,45,87,-1,-1,-1,-1
149,58,622,143,73,128,-1,-1,-1,-1
149,61,1245,62,163,154,-1,-1,-1,-1
149,62,1113,24,72,146,-1,-1,-1,-1
150,52,743,4,45,86,-1,-1,-1,-1
150,58,626,139,71,124,-1,-1,-1,-1
150,61,1244,63,156,147,-1,-1,-1,-1
150,62,1112,23,68,138,-1,-1,-1,-1
151,52,745,7,41,77,-1,-1,-1,-1
151,58,632,136,70,121,-1,-1,-1,-1
151,61,1240,56,148,139,-1,-1,-1,-1
151,62,1108,18,65,132,-1,-1,-1,-1
151,63,934,0,60,116,-1,-1,-1,-1
152,52,746,4,42,78,-1,-1,-1,-1
152,58,636,130,70,121,-1,-1,-1,-1
152,61,1224,29,166,159,-1,-1,-1,-1
152,62,1108,7,66,134,-1,-1,-1,-1
152,63,934,1,60,115,-1,-1,-1,-1
153,52,753,1,41,74,-1,-1,-1,-1
153,58,641,126,68,117,-1,-1,-1,-1
153,61,1216,16,165,162,-1,-1,-1,-1
153,62,1108,3,64,129,-1,-1,-1,-1
153,63,934,0,60,114,-1,-1,-1,-1
154,52,756,3,37,65,-1,-1,-1,-1
154,58,647,116,68,116,-1,-1,-1,-1
154,61,1208,5,160,157,-1,-1,-1,-1
154,62,1107,1,62,122,-1,-1,-1,-1
154,63,934,0,59,114,-1,-1,-1,-1
155,52,757,3,37,63,-1,-1,-1,-1
155,58,652,110,69,116,-1,-1,-1,-1
155,61,1205,1,151,150,-1,-1,-1,-1
155,62,1104,-1,60,117,-1,-1,-1,-1
155,63,934,-1,59,113,-1,-1,-1,-1
156,52,759,3,37,61,-1,-1,-1,-1
156,58,657,109,67,112,-1,-1,-1,-1
156,61,1194,-14,150,149,-1,-1,-1,-1
156,62,1102,-1,57,108,-1,-1,-1,-1
156,63,934,-1,59,113,-1,-1,-1,-1
156,64,239,811,397,261,-1,-1,-1,-1
157,52,761,3,37,59,-1,-1,-1,-1
157,58,660,101,68,113,-1,-1,-1,-1
157,61,1183,-29,149,148,-1,-1,-1,-1
157,62,1100,-1,56,102,-1,-1,-1,-1
157,64,236,742,471,317,-1,-1,-1,-1
157,65,933,0,62,117,-1,-1,-1,-1
157,66,1211,13,120,130,-1,-1,-1,-1
158,52,759,2,37,59,-1,-1,-1,-1
158,58,667,90,68,113,-1,-1,-1,-1
158,61,1172,-44,148,147,-1,-1,-1,-1
158,62,1100,-1,54,96,-1,-1,-1,-1
158,64,230,705,521,351,-1,-1,-1,-1
158,66,1207,10,112,121,-1,-1,-1,-1
159,52,760,2,36,56,-1,-1,-1,-1
159,58,669,82,69,113,-1,-1,-1,-1
159,62,1101,-1,54,90,-1,-1,-1,-1
159,64,223,668,571,385,-1,-1,-1,-1
159,65,934,0,62,117,-1,-1,-1,-1
159,66,1203,5,108,117,-1,-1,-1,-1
159,67,59,436,137,396,-1,-1,-1,-1
160,52,761,2,35,53,-1,-1,-1,-1
160,58,674,78,68,112,-1,-1,-1,-1
160,62,1099,-2,55,89,-1,-1,-1,-1
160,64,216,631,621,418,-1,-1,-1,-1
160,66,1198,3,103,110,-1,-1,-1,-1
160,67,125,500,100,285,-1,-1,-1,-1
160,69,498,562,132,267,-1,-1,-1,-1
161,52,760,1,34,49,-1,-1,-1,-1
161,58,678,74,66,107,-1,-1,-1,-1
161,62,1097,-1,46,70,-1,-1,-1,-1
161,65,933,0,62,116,-1,-1,-1,-1
161,66,1192,2,98,102,-1,-1,-1,-1
161,67,178,487,89,247,-1,-1,-1,-1
161,69,526,500,126,254,-1,-1,-1,-1
162,52,761,0,32,45,-1,-1,-1,-1
162,58,685,65,66,107,-1,-1,-1,-1
162,62,1096,1,43,60,-1,-1,-1,-1
162,65,934,0,61,115,-1,-1,-1,-1
162,66,1186,1,95,98,-1,-1,-1,-1
162,67,212,470,85,229,-1,-1,-1,-1
162,69,546,459,120,242,-1,-1,-1,-1
163,52,760,0,32,43,-1,-1,-1,-1
163,58,689,57,67,110,-1,-1,-1,-1
163,62,1095,-1,38,53,-1,-1,-1,-1
163,65,935,1,61,115,-1,-1,-1,-1
163,66,1182,-1,89,92,-1,-1,-1,-1
163,67,241,444,86,224,-1,-1,-1,-1
163,69,566,428,116,232,-1,-1,-1,-1
163,70,1165,0,124,96,-1,-1,-1,-1
164,52,759,0,33,43,-1,-1,-1,-1
164,58,693,54,67,108,-1,-1,-1,-1
164,62,1095,-4,33,45,-1,-1,-1,-1
164,66,1179,-3,83,86,-1,-1,-1,-1
164,67,259,424,86,220,-1,-1,-1,-1
164,69,584,399,112,223,-1,-1,-1,-1
164,70,1163,0,115,90,-1,-1,-1,-1
165,52,758,0,32,40,-1,-1,-1,-1
165,58,695,47,67,109,-1,-1,-1,-1
165,62,1094,-7,27,38,-1,-1,-1,-1
165,66,1175,-4,78,80,-1,-1,-1,-1
165,67,280,406,85,211,-1,-1,-1,-1
165,69,598,374,108,216,-1,-1,-1,-1
165,70,1160,-1,111,86,-1,-1,-1,-1
166,52,759,0,30,36,-1,-1,-1,-1
166,58,697,41,67,109,-1,-1,-1,-1
166,67,298,388,85,204,-1,-1,-1,-1
166,69,612,348,107,212,-1,-1,-1,-1
166,70,1158,-1,107,83,-1,-1,-1,-1
167,52,757,0,29,32,-1,-1,-1,-1
167,58,699,36,68,110,-1,-1,-1,-1
167,67,318,371,86,199,-1,-1,-1,-1
167,69,626,327,101,200,-1,-1,-1,-1
167,70,1155,-2,103,80,-1,-1,-1,-1
168,52,754,1,27,28,-1,-1,-1,-1
168,58,699,30,69,112,-1,-1,-1,-1
168,67,334,354,87,198,-1,-1,-1,-1
168,69,637,308,97,191,-1,-1,-1,-1
169,52,754,2,25,25,-1,-1,-1,-1
169,58,700,26,70,114,-1,-1,-1,-1
169,65,933,1,60,111,-1,-1,-1,-1
169,67,350,339,88,195,-1,-1,-1,-1
169,69,651,291,92,181,-1,-1,-1,-1
170,52,755,2,22,22,-1,-1,-1,-1
170,58,702,16,73,122,-1,-1,-1,-1
170,65,933,1,60,110,-1,-1,-1,-1
170,67,365,325,88,189,-1,-1,-1,-1
170,69,660,271,90,176,-1,-1,-1,-1
171,52,755,2,19,19,-1,-1,-1,-1
171,58,705,13,71,121,-1,-1,-1,-1
171,65,932,1,61,111,-1,-1,-1,-1
171,67,381,311,87,182,-1,-1,-1,-1
171,69,669,250,90,177,-1,-1,-1,-1
172,52,756,2,16,16,-1,-1,-1,-1
172,58,708,12,68,117,-1,-1,-1,-1
172,67,395,296,88,181,-1,-1,-1,-1
172,69,677,235,89,175,-1,-1,-1,-1
173,58,709,10,66,114,-1,-1,-1,-1
173,67,409,279,89,181,-1,-1,-1,-1
173,69,686,222,85,165,-1,-1,-1,-1
174,58,713,9,62,108,-1,-1,-1,-1
174,67,424,263,89,177,-1,-1,-1,-1
174,69,697,207,80,155,-1,-1,-1,-1
175,58,715,9,58,103,-1,-1,-1,-1
175,67,440,240,92,182,-1,-1,-1,-1
175,69,709,189,76,146,-1,-1,-1,-1
176,58,717,8,55,99,-1,-1,-1,-1
176,67,453,226,91,179,-1,-1,-1,-1
176,69,716,177,74,141,-1,-1,-1,-1
177,58,718,7,54,97,-1,-1,-1,-1
177,67,464,215,91,177,-1,-1,-1,-1
177,69,720,163,76,143,-1,-1,-1,-1
177,71,1188,773,358,295,-1,-1,-1,-1
178,58,721,6,50,90,-1,-1,-1,-1
178,67,485,205,85,163,-1,-1,-1,-1
178,69,730,148,72,136,-1,-1,-1,-1
178,71,1155,738,398,328,-1,-1,-1,-1
179,58,723,5,49,86,-1,-1,-1,-1
179,67,502,197,80,151,-1,-1,-1,-1
179,69,738,132,71,134,-1,-1,-1,-1
180,58,725,3,47,83,-1,-1,-1,-1
180,65,931,0,64,119,-1,-1,-1,-1
180,67,516,190,77,144,-1,-1,-1,-1
180,69,744,123,69,129,-1,-1,-1,-1
180,74,502,626,484,331,-1,-1,-1,-1
180,75,1190,497,135,257,-1,-1,-1,-1
181,58,726,3,45,79,-1,-1,-1,-1
181,65,930,0,65,119,-1,-1,-1,-1
181,67,525,182,76,141,-1,-1,-1,-1
181,69,747,113,68,126,-1,-1,-1,-1
181,74,537,564,443,305,-1,-1,-1,-1
181,75,1174,454,128,244,-1,-1,-1,-1
182,58,728,0,44,76,-1,-1,-1,-1
182,65,930,0,65,120,-1,-1,-1,-1
182,67,535,166,79,146,-1,-1,-1,-1
182,69,752,104,66,120,-1,-1,-1,-1
182,74,570,500,406,282,-1,-1,-1,-1
182,75,1159,400,116,222,-1,-1,-1,-1
183,58,732,3,38,63,-1,-1,-1,-1
183,65,930,-1,65,120,-1,-1,-1,-1
183,67,548,150,78,145,-1,-1,-1,-1
183,69,759,87,66,120,-1,-1,-1,-1
183,74,611,424,358,252,-1,-1,-1,-1
183,75,1143,341,106,203,-1,-1,-1,-1
184,58,734,4,36,58,-1,-1,-1,-1
184,67,558,142,77,142,-1,-1,-1,-1
184,69,763,78,65,116,-1,-1,-1,-1
184,74,643,385,316,224,-1,-1,-1,-1
184,75,1134,308,100,193,-1,-1,-1,-1
185,58,733,4,36,57,-1,-1,-1,-1
185,67,559,122,85,158,-1,-1,-1,-1
185,69,766,71,64,112,-1,-1,-1,-1
185,74,662,349,300,214,-1,-1,-1,-1
185,75,1128,284,94,179,-1,-1,-1,-1
185,79,1476,410,113,237,-1,-1,-1,-1
186,58,734,4,35,54,-1,-1,-1,-1
186,67,568,117,82,151,-1,-1,-1,-1
186,69,767,58,66,117,-1,-1,-1,-1
186,74,683,315,277,199,-1,-1,-1,-1
186,75,1116,253,89,170,-1,-1,-1,-1
186,79,1439,361,105,220,-1,-1,-1,-1
187,58,735,3,35,52,-1,-1,-1,-1
187,67,580,105,81,149,-1,-1,-1,-1
187,69,771,48,66,118,-1,-1,-1,-1
187,74,699,284,253,183,-1,-1,-1,-1
187,75,1108,224,84,162,-1,-1,-1,-1
187,79,1403,315,98,205,-1,-1,-1,-1
188,58,738,2,35,50,-1,-1,-1,-1
188,67,593,92,79,147,-1,-1,-1,-1
188,69,773,38,67,119,-1,-1,-1,-1
188,74,710,261,237,172,-1,-1,-1,-1
188,75,1102,203,82,157,-1,-1,-1,-1
188,79,1380,289,91,191,-1,-1,-1,-1
189,58,745,3,32,44,-1,-1,-1,-1
189,67,605,80,78,144,-1,-1,-1,-1
189,69,776,28,66,118,-1,-1,-1,-1
189,74,718,240,232,169,-1,-1,-1,-1
189,75,1098,190,78,148,-1,-1,-1,-1
189,79,1362,264,87,180,-1,-1,-1,-1
190,58,751,3,31,42,-1,-1,-1,-1
190,69,773,12,70,127,-1,-1,-1,-1
190,74,729,222,221,163,-1,-1,-1,-1
190,75,1094,175,75,143,-1,-1,-1,-1
190,79,1345,240,84,174,-1,-1,-1,-1
191,58,757,2,30,40,-1,-1,-1,-1
191,69,779,11,67,123,-1,-1,-1,-1
191,74,742,203,205,152,-1,-1,-1,-1
191,75,1088,159,72,137,-1,-1,-1,-1
191,79,1325,213,80,165,-1,-1,-1,-1
191,81,588,70,97,159,-1,-1,-1,-1
192,58,762,3,31,41,-1,-1,-1,-1
192,69,782,8,65,121,-1,-1,-1,-1
192,74,752,188,193,143,-1,-1,-1,-1
192,75,1085,144,70,132,-1,-1,-1,-1
192,79,1311,196,75,154,-1,-1,-1,-1
192,81,595,66,96,158,-1,-1,-1,-1
193,58,765,4,31,39,-1,-1,-1,-1
193,69,785,8,61,115,-1,-1,-1,-1
193,74,760,177,183,136,-1,-1,-1,-1
193,75,1081,131,71,132,-1,-1,-1,-1
193,79,1300,181,71,144,-1,-1,-1,-1
193,81,612,80,78,129,-1,-1,-1,-1
194,58,769,4,29,37,-1,-1,-1,-1
194,69,789,8,57,108,-1,-1,-1,-1
194,74,765,163,181,135,-1,-1,-1,-1
194,75,1078,122,69,128,-1,-1,-1,-1
194,79,1289,165,72,143,-1,-1,-1,-1
194,81,624,84,69,114,-1,-1,-1,-1
195,58,774,3,27,35,-1,-1,-1,-1
195,69,791,8,54,103,-1,-1,-1,-1
195,74,769,152,175,132,-1,-1,-1,-1
195,75,1075,113,67,123,-1,-1,-1,-1
195,79,1277,152,71,140,-1,-1,-1,-1
195,81,631,83,67,111,-1,-1,-1,-1
195,82,932,-2,62,120,-1,-1,-1,-1
196,58,778,3,25,32,-1,-1,-1,-1
196,69,793,6,51,97,-1,-1,-1,-1
196,74,772,140,169,128,-1,-1,-1,-1
196,75,1072,102,67,121,-1,-1,-1,-1
196,79,1265,138,70,136,-1,-1,-1,-1
196,81,637,82,64,106,-1,-1,-1,-1
197,69,795,5,50,94,-1,-1,-1,-1
197,74,774,125,169,129,-1,-1,-1,-1
197,75,1070,93,65,116,-1,-1,-1,-1
197,79,1255,125,69,133,-1,-1,-1,-1
197,81,643,80,62,102,-1,-1,-1,-1
198,69,797,4,48,90,-1,-1,-1,-1
198,74,780,116,160,123,-1,-1,-1,-1
198,75,1068,87,62,110,-1,-1,-1,-1
198,79,1247,118,66,125,-1,-1,-1,-1
198,81,646,78,62,99,-1,-1,-1,-1
198,83,778,4,37,40,-1,-1,-1,-1
199,69,799,2,47,87,-1,-1,-1,-1
199,74,784,107,155,120,-1,-1,-1,-1
199,75,1064,81,61,107,-1,-1,-1,-1
199,79,1240,109,65,121,-1,-1,-1,-1
199,81,647,71,62,98,-1,-1,-1,-1
199,83,780,4,38,40,-1,-1,-1,-1
